13
74
135
195
256
316
377
438
498
557
616
674
731
789
847
905
965
1025
1084
1147
1212
1276
1342
1407
1472
1537
1603
1669
1736
1803
1870
1936
2002
2067
2132
2196
2260
2323
2387
2450
2514
2577
2640
2702
2764
2826
2889
2954
3019
3084
3151
3218
3282
3344
3403
3461
3519
3576
3633
3689
3744
3800
3855
3909
3964
4020
4080
4144
4211
4279
4347
4418
4487
4555
4622
4690
4766
4836
4902
4967
5030
5090
5150
5209
5268
5327
5385
5441
5496
5551
5606
5662
5721
5786
5852
5922
5991
6057
6120
6181
6241
6299
6357
6414
6471
6527
6583
6638
6694
6751
6808
6864
6919
6976
7033
7088
7144
7199
7254
7308
7362
7416
7469
7522
7575
7629
7681
7734
7786
7838
7889
7941
7992
8043
8094
8145
8195
8246
8296
8347
8398
8449
8500
8552
8605
8657
8710
8764
8818
8872
8927
8982
9036
9090
9144
9198
9251
9304
9357
9410
9463
9517
9569
9621
9673
9723
9774
9824
9874
9926
9977
10029
10081
10133
10185
10237
10291
10344
10398
10450
10502
10553
10604
10655
10705
10755
10805
10855
10904
10954
11004
11054
11106
11157
11208
11259
11311
11363
11415
11468
11522
11576
11630
11684
11739
11794
11849
11903
11957
12011
12064
12117
12169
12222
12274
12325
12376
12427
12478
12528
12578
12628
12677
12726
12774
12823
12870
12917
12964
13011
13057
13103
13150
13196
13242
13288
13334
13379
13424
13469
13514
13559
13603
13648
13692
13736
13780
13824
13868
13912
13956
13999
14042
14086
14129
14171
14214
14257
14300
14343
14386
14429
14471
14514
14556
14599
14642
14684
14727
14769
14812
14854
14897
14939
14982
15024
15067
15109
15152
15194
15236
15279
15321
15364
15406
15448
15489
15533
15574
15617
15659
15701
15744
15786
15828
15870
15912
15954
15996
16038
16080
16122
16163
16205
16247
16289
16331
16372
16414
16455
16496
16538
16579
16619
16662
16703
16744
16785
16825
16867
16909
16949
16990
17032
17073
17113
17154
17195
17236
17276
17317
17357
17398
17439
17479
17519
17559
17600
17640
17680
17721
17761
17801
17841
17882
17922
17963
18003
18043
18083
18123
18163
18203
18244
18284
18324
18364
18405
18445
18485
18525
18566
18606
18647
18687
18728
18769
18810
18851
18892
18933
18974
19015
19056
19097
19138
19179
19220
19261
19302
19344
19387
19427
19469
19510
19551
19591
19634
19675
19717
19759
19801
19843
19887
19928
19971
20013
20055
20098
20141
20183
20226
20269
20311
20355
20398
20441
20484
20528
20571
20615
20659
20703
20747
20791
20835
20879
20924
20968
21012
21057
21100
21145
21189
21234
21279
21323
21368
21414
21460
21506
21552
21599
21645
21692
21739
21785
21832
21879
21927
21973
22020
22067
22115
22162
22210
22257
22305
22354
22402
22451
22499
22547
22595
22644
22692
22741
22789
22839
22886
22934
22982
23029
23077
23124
23171
23218
23264
23311
23358
23404
23451
23497
23543
23590
23636
23683
23730
23778
23825
23873
23921
23969
24016
24064
24112
24160
24208
24256
24304
24352
24400
24447
24495
24542
24589
24636
24683
24729
24776
24823
24869
24916
24963
25009
25056
25101
25147
25193
25239
25284
25329
25374
25419
25464
25508
25553
25598
25642
25687
25732
25776
25821
25865
25909
25953
25997
26041
26085
26130
26174
26217
26261
26304
26347
26391
26435
26478
26521
26564
26608
26651
26694
26737
26780
26823
26866
26909
26951
26995
27038
27081
27124
27167
27209
27251
27294
27337
27379
27421
27463
27505
27547
27589
27631
27673
27715
27757
27798
27840
27882
27923
27964
28006
28047
28088
28129
28171
28212
28253
28294
28336
28377
28417
28458
28499
28540
28581
28622
28663
28704
28745
28786
28827
28867
28908
28949
28990
29030
29071
29112
29153
29193
29235
29274
29315
29355
29396
29437
29478
29518
29558
29599
29639
29679
29720
29760
29800
29840
29880
29920
29961
30001
30041
30082
30122
30162
30202
30243
30283
30323
30364
30404
30445
30485
30526
30567
30607
30648
30689
30730
30771
30812
30853
30894
30935
30977
31017
31059
31099
31140
31183
31224
31266
31307
31349
31390
31432
31473
31515
31557
31599
31641
31682
31724
31766
31808
31849
31892
31934
31976
32018
32060
32101
32145
32187
32230
32272
32314
32357
32399
32442
32485
32528
32572
32615
32658
32702
32745
32789
32833
32877
32921
32966
33010
33055
33101
33146
33192
33237
33282
33328
33374
33420
33467
33513
33560
33606
33652
33699
33746
33795
33841
33888
33936
33985
34030
34079
34127
34176
34225
34275
34324
34375
34428
34480
34532
34585
34639
34693
34746
34799
34851
34904
34956
35007
35058
35109
35161
35218
35274
35328
35385
35441
35496
35550
35605
35660
35714
35768
35822
