12
62
111
159
208
255
302
348
397
454
511
568
623
676
727
777
828
879
931
984
1037
1089
1140
1191
1241
1292
1342
1392
1441
1490
1538
1586
1632
1678
1724
1770
1815
1861
1906
1951
1997
2044
2091
2140
2189
2240
2290
2340
2390
2440
2490
2540
2588
2636
2682
2727
2772
2817
2862
2907
2954
3004
3057
3113
3168
3219
3268
3317
3366
3417
3470
3522
3573
3623
3673
3722
3772
3820
3868
3915
3961
4007
4054
4100
4147
4195
4244
4298
4357
4417
4474
4530
4584
4637
4689
4740
4790
4839
4887
4934
4980
5025
5071
5116
5162
5211
5260
5326
5399
5467
5538
5608
5681
5752
5810
5867
5923
5979
6035
6089
6143
6196
6246
6296
6346
6396
6445
6495
6546
6597
6647
6698
6749
6799
6849
6898
6948
6997
7046
7095
7143
7192
7241
7289
7337
7386
7433
7481
7529
7576
7623
7670
7718
7765
7812
7859
7906
7952
7999
8045
8091
8136
8182
8227
8272
8317
8362
8406
8450
8494
8538
8582
8625
8669
8713
8756
8800
8843
8887
8930
8973
9016
9060
9103
9146
9189
9233
9275
9317
9359
9401
9442
9484
9526
9567
9609
9650
9692
9733
9774
9815
9856
9897
9938
9979
10019
10060
10101
10142
10182
10223
10264
10304
10345
10385
10426
10466
10507
10547
10587
10627
10667
10708
10748
10788
10828
10868
10908
10948
10987
11027
11067
11107
11146
11186
11226
11265
11304
11344
11383
11422
11462
11500
11539
11578
11617
11655
11694
11732
11771
11809
11848
11886
11924
11963
12001
12039
12077
12115
12152
12190
12227
12265
12302
12340
12377
12414
12452
12489
12526
12563
12601
12638
12675
12712
12749
12787
12824
12861
12899
12936
12974
13011
13048
13085
13122
13159
13196
13232
13269
13306
13342
13379
13416
13453
13490
13527
13564
13601
13638
13675
13712
13748
13785
13821
13858
13894
13931
13967
14003
14040
14076
14113
14149
14185
14222
14258
14295
14332
14368
14405
14442
14478
14515
14551
14588
14624
14661
14697
14733
14769
14805
14841
14877
14913
14949
14985
15020
15056
15092
15127
15162
15198
15234
15269
15305
15340
15376
15411
15447
15482
15518
15554
15590
15625
15661
15697
15733
15769
15804
15840
15876
15912
15948
15984
16020
16056
16092
16127
16163
16199
16235
16271
16307
16342
16378
16414
16449
16485
16521
16556
16592
16627
16662
16698
16733
16769
16804
16839
16874
16909
16944
16980
17015
17050
17085
17120
17155
17190
17225
17260
17295
17329
17364
17399
17434
17469
17503
17538
17573
17607
17642
17676
17711
17745
17780
17815
17849
17884
17919
17953
17988
18023
18057
18092
18126
18161
18195
18230
18265
18299
18334
18368
18403
18438
18472
18507
18542
18576
18610
18645
18679
18714
18748
18783
18817
18851
18886
18920
18955
18989
19024
19058
19093
19128
19162
19197
19232
19267
19302
19337
19372
19407
19442
19477
19512
19547
19582
19617
19652
19688
19723
19758
19794
19829
19865
19901
19936
19972
20008
20044
20080
20116
20153
20189
20225
20261
20298
20334
20371
20408
20444
20481
20517
20554
20591
20628
20665
20702
20739
20776
20814
20852
20890
20929
20968
21007
21046
21085
21124
21163
21202
21241
21281
21321
21360
21399
21438
21477
21517
21556
21595
21634
21673
21712
21751
21790
21829
21869
21908
21947
21987
22026
22066
22106
22145
22185
22226
22266
22307
22348
22388
22428
22468
22508
22547
22586
22626
22666
22706
22747
22788
22829
22870
22913
22955
22998
23040
23081
23124
23166
23207
23249
23291
23333
23374
23416
23457
23499
23540
23581
23623
23664
23705
23745
23786
23826
23867
23908
23949
23989
24030
24070
24111
24151
24192
24233
24274
24314
24354
24395
24434
24474
24514
24554
24594
24634
24674
24714
24754
24794
24834
24874
24913
24953
24992
25032
25071
25110
25149
25188
25226
25265
25303
25342
25380
25418
25457
25496
25534
25573
25611
25650
25688
25726
25764
25802
25840
25878
25916
25954
25992
26030
26068
26106
26144
26182
26220
26257
26294
26332
26369
26406
26443
26480
26517
26555
26592
26629
26666
26703
26740
26777
26814
26851
26888
26925
26961
26998
27034
27070
27106
27143
27179
27214
27250
27286
27322
27358
27393
27429
27465
27500
27536
27572
27607
27643
27678
27714
27750
27785
27821
27856
27892
27927
27963
27998
28034
28069
28105
28140
28175
28210
28246
28281
28316
28351
28386
28421
28456
28491
28526
28561
28596
28631
28666
28700
28735
28770
28804
28839
28873
28908
28942
28977
29011
29045
29080
29114
29148
29183
29217
29251
29285
29320
29354
29388
29422
29456
29491
29525
29559
29593
29628
29662
29696
29730
29764
29799
29833
29867
29901
29935
29969
30002
30036
30070
30104
30137
30171
30205
30239
30272
30306
30340
30373
30407
30441
30474
30508
30542
30576
30610
30644
30678
30711
30745
30779
30813
30846
30880
30914
30948
30982
31016
31049
31083
31117
31151
31185
31219
31253
31288
31322
31357
31391
31426
31461
31495
31530
31565
31599
31634
31669
31704
31739
31773
31808
31843
31878
31913
31948
31983
32018
32054
32089
32124
32160
32196
32231
32267
32303
32339
32375
32411
32447
32483
32520
32556
32592
32628
32665
32701
32737
32774
32811
32848
32885
32922
32959
32996
33035
33073
33112
33151
33190
33228
33267
33304
33342
33380
33417
33454
33492
33530
33568
33606
33645
33683
33722
33761
33801
33840
33879
33918
33958
33997
34036
34074
34113
34151
34191
34230
34269
34308
34347
34387
34428
34471
34513
34555
34597
34639
34682
34725
34767
34809
34851
34893
34934
34976
35018
35060
35102
35144
35187
35230
35273
35318
35364
35414
35468
35518
35567
35617
35667
35717
35765
35813
35860
35908
35955
36001
