62
116
169
222
284
346
407
465
520
573
625
676
725
774
822
870
917
964
1012
1061
1111
1162
1213
1263
1314
1364
1414
1465
1516
1567
1617
1667
1717
1767
1816
1865
1913
1960
2007
2054
2101
2149
2197
2245
2294
2343
2394
2446
2499
2553
2607
2660
2713
2765
2815
2864
2912
2960
3008
3054
3101
3149
3195
3242
3288
3335
3381
3429
3480
3535
3592
3649
3704
3757
3808
3859
3909
3958
4008
4058
4108
4158
4208
4258
4308
4357
4405
4454
4502
4552
4603
4657
4712
4769
4826
4880
4932
4984
5036
5088
5139
5190
5241
5291
5340
5389
5437
5484
5531
5577
5623
5668
5715
5763
5817
5875
5936
5996
6056
6117
6176
6234
6290
6343
6394
6444
6493
6541
6589
6636
6682
6729
6775
6820
6866
6911
6956
7000
7045
7089
7132
7176
7219
7261
7304
7347
7389
7431
7474
7516
7558
7600
7642
7684
7726
7768
7809
7851
7893
7934
7976
8017
8059
8101
8143
8185
8227
8269
8312
8354
8397
8440
8482
8525
8568
8610
8653
8696
8738
8780
8823
8865
8908
8950
8993
9034
9076
9118
9160
9202
9245
9287
9330
9373
9416
9459
9502
9545
9588
9630
9673
9716
9758
9801
9843
9886
9928
9970
10012
10054
10095
10137
10178
10220
10261
10302
10344
10385
10427
10469
10510
10553
10595
10638
10680
10724
10768
10812
10856
10900
10944
10988
11032
11076
11120
11164
11208
11251
11295
11338
11381
11423
11466
11508
11550
11592
11634
11677
11719
11761
11803
11845
11887
11929
11971
12012
12053
12095
12136
12177
12219
12260
12301
12342
12383
12425
12466
12507
12549
12590
12631
12673
12713
12754
12795
12835
12876
12917
12958
12998
13038
13078
13119
13159
13198
13238
13278
13318
13358
13397
13437
13476
13516
13556
13595
13635
13674
13714
13754
13793
13832
13871
13910
13950
13989
14028
14067
14106
14145
14184
14223
14262
14302
14341
14380
14419
14458
14497
14536
14575
14614
14653
14693
14731
14770
14809
14849
14888
14927
14966
15005
15044
15082
15121
15160
15199
15237
15276
15314
15352
15391
15429
15467
15506
15544
15583
15621
15660
15698
15736
15774
15812
15850
15888
15926
15964
16002
16039
16076
16113
16150
16187
16224
16261
16298
16334
16372
16408
16444
16481
16517
16554
16592
16628
16666
16703
16740
16778
16816
16854
16892
16930
16968
17006
17044
17082
17120
17157
17195
17233
17271
17309
17347
17385
17423
17461
17499
17537
17574
17612
17649
17686
17723
17760
17797
17834
17871
17908
17945
17982
18020
18059
18094
18131
18168
18205
18242
18279
18316
18353
18391
18428
18465
18503
18540
18578
18615
18652
18690
18727
18764
18801
18838
18875
18912
18949
18985
19022
19059
19095
19131
19168
19205
19242
19278
19316
19353
19389
19427
19464
19502
19539
19577
19614
19652
19690
19728
19766
19805
19843
19881
19919
19957
19995
20033
20071
20109
20147
20184
20223
20261
20300
20338
20377
20415
20454
20492
20530
20569
20607
20646
20684
20723
20762
20801
20840
20879
20917
20956
20995
21033
21072
21110
21149
21187
21226
21263
21301
21339
21378
21416
21455
21493
21532
21571
21610
21650
21690
21730
21770
21811
21851
21892
21933
21973
22014
22055
22095
22135
22176
22216
22257
22298
22339
22380
22420
22461
22501
22542
22583
22624
22665
22706
22747
22788
22828
22869
22910
22951
22992
23033
23075
23116
23157
23198
23239
23280
23322
23362
23403
23443
23483
23524
23565
23607
23649
23691
23733
23775
23816
23858
23899
23940
23980
24020
24061
24101
24141
24181
24222
24262
24303
24344
24385
24425
24466
24507
24548
24588
24629
24670
24710
24751
24791
24831
24871
24911
24951
24991
25031
25071
25111
25151
25190
25230
25270
25310
25352
25392
25433
25474
25514
25555
25595
25636
25675
25715
25754
25794
25833
25873
25912
25951
25991
26030
26069
26109
26148
26187
26227
26266
26305
26344
26383
26422
26460
26500
26538
26576
26615
26653
26691
26729
26767
26805
26844
26882
26920
26958
26996
27033
27072
27109
27147
27184
27222
27259
27296
27335
27371
27409
27447
27482
27521
27558
27594
27631
27669
27705
27742
27779
27816
27853
27890
27927
27964
28001
28038
28076
28113
28150
28187
28224
28260
28297
28333
28369
28406
28442
28478
28515
28551
28588
28624
28661
28698
28734
28771
28807
28843
28880
28916
28953
28989
29025
29062
29099
29136
29173
29210
29246
29283
29319
29356
29392
29429
29465
29502
29539
29576
29613
29650
29687
29724
29760
29797
29833
29870
29906
29942
29979
30016
30053
30089
30126
30163
30199
30236
30273
30309
30346
30382
30418
30454
30491
30527
30563
30599
30635
30672
30708
30744
30780
30816
30852
30888
30924
30960
30996
31032
31068
31104
31141
31177
31213
31249
31285
31322
31358
31395
31431
31467
31504
31541
31578
31614
31650
31687
31723
31760
31796
31832
31868
31905
31941
31978
32014
32050
32087
32123
32160
32197
32234
32271
32308
32346
32384
32422
32459
32498
32536
32574
32613
32652
32691
32730
32768
32807
32846
32884
32922
32961
32999
33037
33075
33113
33152
33190
33229
33267
33306
33345
33384
33423
33462
33501
33539
33578
33617
33657
33697
33738
33778
33818
33859
33899
33940
33981
34022
34062
34103
34143
34184
34225
34265
34306
34347
34388
34429
34470
34511
34552
34593
34635
34676
34718
34759
34800
34841
34883
34924
34964
35005
35046
35087
35129
35172
35215
35259
35302
35345
35388
35431
35473
35516
35558
35600
35642
35684
35726
35768
35810
35853
35895
35938
