33
85
138
190
242
294
345
395
444
493
542
591
641
690
741
793
849
904
960
1017
1073
1128
1181
1234
1286
1336
1387
1436
1486
1535
1584
1634
1684
1735
1787
1840
1893
1946
1999
2051
2103
2155
2207
2258
2309
2360
2411
2462
2514
2566
2619
2673
2727
2780
2833
2885
2937
2988
3039
3090
3139
3189
3237
3287
3336
3388
3445
3502
3560
3618
3676
3734
3790
3846
3901
3955
4008
4061
4113
4164
4216
4267
4321
4378
4438
4498
4555
4611
4667
4721
4775
4828
4881
4933
4985
5037
5090
5142
5194
5247
5300
5352
5405
5458
5510
5561
5613
5664
5716
5768
5819
5871
5922
5973
6025
6077
6129
6181
6235
6288
6341
6394
6447
6498
6549
6600
6650
6700
6749
6798
6847
6895
6943
6990
7038
7085
7131
7179
7225
7272
7317
7364
7410
7456
7501
7546
7591
7636
7681
7726
7770
7814
7858
7902
7946
7988.6
8032
8075
8118
8161
8205
8248
8292
8335
8378
8422
8465
8508
8550
8593
8636
8680
8723
8766
8809
8853
8895
8938
8981
9023
9066
9108
9151
9193
9236
9278
9321
9364
9406
9449
9491
9534
9576
9619
9662
9705
9748
9791
9833
9876
9919
9961
10004
10046
10089
10131
10173
10216
10257
10300
10341
10383
10425
10467
10509
10552
10595
10636
10679
10720
10763
10805
10847
10889
10931
10973
11015
11057
11098
11140
11182
11224
11265
11307
11349
11391
11433
11474
11516
11558
11600
11642
11684
11726
11767
11809
11850
11891
11933
11974
12015
12055
12097
12137
12178
12218
12259
12299
12340
12381
12421
12462
12502
12542
12582
12622
12662
12701
12740
12780
12819
12858
12898
12936
12975
13014
13051
13089
13128
13166
13204
13242
13279
13317
13353
13391
13428
13466
13503
13540
13577
13614
13651
13687
13724
13760
13797
13833
13870
13906
13943
13980
14017
14053
14090
14126
14162
14198
14236
14271
14306
14343
14378
14415
14450
14487
14523
14559
14595
14631
14667
14702
14738
14774
14810
14845
14881
14916
14952
14988
15024
15059
15096
15131
15167
15202
15238
15273
15309
15344
15379
15415
15450
15486
15521
15557
15591
15627
15662
15698
15733
15768
15804
15839
15874
15909
15944
15979
16014
16049
16084
16120
16154
16188
16224
16258
16294
16328
16363
16398
16433
16467
16502
16536
16571
16606
16640
16675
16709
16744
16777
16812
16846
16881
16915
16949
16985
17019
17052
17087
17120
17156
17189
17225
17259
17293
17326
17362
17395
17431
17465
17499
17533
17568
17602
17636
17671
17705
17739
17773
17808
17842
17876
17910
17943
17978
18012
18046
18079
18114
18147
18181
18215
18249
18283
18317
18350
18384
18418
18452
18486
18519
18553
18588
18620
18654
18687
18721
18755
18788
18822
18854
18888
18922
18958
18989
19021
19056
19089
19122
19156
19189
19223
19256
19291
19324
19357
19391
19424
19458
19492
19524
19559
19592
19626
19660
19693
19726
19760
19794
19826
19861
19895
19929
19962
19996
20030
20064
20098
20132
20166
20200
20233
20267
20302
20335
20369
20403
20437
20471
20503
20539
20573
20608
20641
20675
20709
20743
20777
20811
20846
20880
20913
20947
20981
21015
21049
21084
21117
21151
21185
21219
21253
21287
21322
21356
21389
21424
21458
21492
21526
21560
21594
21628
21661
21697
21731
21764
21799
21834
21869
21903
21937
21974
22007
22041
22075
22110
22144
22179
22213
22248
22282
22317
22351
22387
22421
22456
22491
22526
22560
22596
22630
22664
22700
22733
22769
22805
22838
22875
22910
22947
22981
23015
23050
23086
23120
23156
23191
23224
23261
23296
23333
23367
23401
23436
23471
23506
23541
23576
23610
23646
23681
23714
23751
23786
23821
23857
23891
23926
23962
23995
24031
24066
24100
24136
24170
24206
24241
24276
24312
24346
24382
24417
24452
24486
24524
24558
24593
24628
24663
24698
24733
24768
24803
24839
24873
24909
24943
24978
25011
25048
25083
25118
25154
25188
25224
25256
25292
25325
25362
25397
25431
25467
25502
25536
25572
25606
25640
25675
25711
25746
25781
25815
25851
25886
25920
25955
25990
26028
26060
26094
26129
26164
26199
26233
26268
26302
26337
26371
26406
26440
26474
26508
26543
26577
26612
26645
26680
26714
26748
26782
26816
26850
26884
26918
26952
26986
27021
27054
27088
27122
27157
27190
27224
27258
27292
27326
27359
27393
27428
27462
27495
27528
27563
27597
27631
27664
27698
27732
27766
27800
27834
27867
27902
27935
27969
28002
28037
28070
28105
28139
28172
28205
28240
28272
28307
28340
28375
28408
28441
28473
28507
28541
28576
28602
28640
28675
28709
28742
28775
28808
28843
28876
28915
28946
28977
29011
29045
29078
29111
29143
29176
29210
29244
29277
29310
29342
29377
29414
29445
29476
29510
29543
29578
29609
29643
29676
29707
29740
29777
29809
29839
29873
29909
29943
29975
30006
30039
30074
30107
30139
30172
30204
30238
30272
30305
30336
30371
30406
30435
30468
30502
30534
30567
30600
30634
30666
30699
30733
30765
30797
30830
30865
30898
30930
30963
30995
31029
31061
31095
31126
31161
31192
31225
31259
31292
31323
31356
31390
31422
31456
31489
31522
31554
31588
31620
31653
31686
31720
31752
31785
31821
31851
31885
31919
31951
31985
32017
32052
32083
32118
32151
32183
32216
32249
32284
32317
32350
32383
32417
32450
32484
32517
32551
32584
32618
32653
32686
32719
32753
32787
32821
32854
32888
32922
32956
32990
33024
33057
33092
33125
33159
33193
33228
33261
33295
33329
33363
33397
33431
33464
33498
33533
33567
33601
33635
33669
33704
33737
33772
33806
33839
33874
33909
33942
33977
34011
34046
34081
34114
34150
34183
34217
34252
34286
34321
34355
34389
34424
34459
34494
34528
34563
34599
34631
34667
34702
34737
34772
34806
34841
34876
34912
34947
34982
35017
35053
35088
35124
35160
35195
35232
35266
35302
35337
35373
35408
35443
35479
35515
35550
35586
35622
35657
35693
35728
35765
35800
35836
35872
35908
35946
