16
69
121
173
224
275
325
376
427
478
528
579
629
682
736
790
843
895
947
999
1050
1101
1152
1203
1254
1308
1363
1418
1473
1530
1589
1650
1709
1767
1824
1879
1933
1987
2039
2091
2142
2194
2248
2302
2356
2411
2471
2534
2596
2656
2715
2772
2828
2883
2937
2991
3043
3095
3147
3199
3251
3303
3356
3410
3464
3520
3581
3652
3727
3794
3858
3918
3976
4031
4085
4137
4189
4239
4289
4338
4387
4437
4490
4559
4657
4741
4814
4880
4944
5004
5063
5121
5178
5234
5288
5340
5391
5442
5493
5544
5596
5650
5708
5765
5821
5875
5931
5987
6043
6097
6151
6203
6254
6304
6355
6405
6458
6512
6569
6636
6705
6772
6835
6893
6949
7003
7055
7106
7156
7205
7253
7301
7348
7395
7441
7487
7534
7580
7626
7672
7719
7764
7810
7858
7906
7955
8003
8051
8099
8147
8195
8242
8289
8336
8382
8428
8474
8519
8565
8611
8657
8702
8748
8794
8840
8887
8933
8980
9027
9074
9122
9169
9217
9265
9314
9362
9410
9458
9506
9553
9599
9645
9691
9737
9783
9829
9876
9924
9973
10023
10071
10120
10169
10219
10271
10323
10375
10426
10477
10526
10575
10623
10672
10719
10768
10816
10863
10911
10958
11006
11055
11105
11156
11208
11260
11311
11361
11411
11460
11510
11558
11606
11653
11700
11747
11795
11844
11892
11940
11988
12036
12083
12131
12179
12227
12274
12321
12367
12413
12458
12503
12548
12592
12636
12679
12723
12767
12810
12853
12895
12938
12979
13021
13063
13104
13145
13186
13227
13268
13308
13348
13388
13427
13467
13507
13546
13586
13625
13663
13702
13741
13780
13818
13857
13895
13934
13972
14010
14049
14087
14125
14163
14202
14240
14278
14317
14354
14392
14430
14468
14506
14544
14582
14620
14658
14697
14734
14772
14810
14848
14886
14923
14961
14999
15037
15074
15113
15150
15188
15226
15264
15302
15340
15378
15416
15453
15491
15528
15566
15603
15641
15678
15715
15752
15790
15827
15864
15901
15938
15975
16013
16050
16087
16124
16161
16198
16234
16271
16307
16344
16380
16416
16453
16489
16526
16562
16598
16634
16670
16706
16742
16778
16814
16850
16886
16922
16958
16994
17030
17065
17102
17138
17174
17210
17245
17281
17317
17353
17388
17424
17460
17496
17532
17568
17604
17640
17676
17712
17748
17784
17820
17857
17893
17929
17966
18002
18038
18074
18110
18146
18182
18218
18254
18290
18326
18362
18398
18434
18470
18507
18543
18579
18615
18652
18688
18725
18762
18798
18835
18871
18908
18944
18981
19017
19054
19090
19127
19163
19199
19236
19272
19309
19345
19382
19418
19455
19492
19529
19566
19603
19640
19678
19715
19753
19790
19827
19865
19902
19940
19977
20014
20052
20089
20127
20164
20202
20240
20278
20317
20356
20395
20435
20475
20515
20555
20595
20635
20675
20715
20753
20792
20832
20870
20909
20948
20986
21024
21062
21101
21140
21179
21219
21260
21301
21343
21385
21427
21471
21513
21556
21598
21641
21683
21726
21768
21810
21852
21893
21934
21975
22015
22056
22097
22138
22179
22221
22263
22305
22349
22393
22436
22480
22524
22568
22611
22655
22699
22743
22787
22831
22876
22920
22965
23009
23053
23097
23141
23184
23228
23273
23318
23362
23407
23453
23498
23543
23588
23633
23678
23723
23768
23813
23858
23902
23946
23990
24033
24076
24119
24161
24203
24245
24288
24331
24374
24417
24463
24511
24557
24605
24654
24701
24747
24794
24841
24887
24933
24979
25024
25068
25112
25156
25199
25242
25285
25327
25369
25411
25452
25493
25534
25574
25615
25655
25696
25736
25776
25816
25855
25895
25935
25974
26013
26052
26091
26130
26169
26208
26246
26285
26324
26363
26403
26442
26481
26520
26560
26600
26639
26678
26718
26756
26795
26833
26872
26910
26949
26987
27025
27063
27101
27139
27177
27214
27252
27290
27328
27365
27403
27441
27478
27516
27553
27591
27628
27665
27702
27739
27776
27813
27850
27887
27924
27961
27999
28035
28072
28109
28146
28183
28220
28257
28293
28329
28365
28401
28437
28473
28509
28545
28581
28616
28652
28688
28724
28760
28796
28832
28868
28903
28940
28975
29011
29047
29083
29119
29154
29190
29225
29261
29297
29332
29368
29403
29439
29474
29510
29545
29580
29615
29651
29686
29721
29757
29792
29827
29863
29898
29934
29969
30005
30040
30075
30111
30146
30181
30217
30252
30287
30322
30358
30393
30428
30463
30498
30533
30569
30604
30639
30675
30710
30745
30781
30816
30852
30887
30923
30958
30994
31029
31065
31101
31136
31172
31208
31244
31280
31316
31352
31388
31424
31460
31496
31532
31568
31605
31641
31677
31714
31750
31787
31823
31860
31897
31933
31970
32007
32043
32080
32117
32154
32191
32228
32265
32303
32340
32378
32415
32452
32489
32526
32563
32600
32637
32674
32710
32747
32784
32821
32858
32895
32932
32970
33008
33047
33085
33124
33163
33202
33240
33279
33317
33355
33393
33431
33469
33507
33544
33582
33620
33658
33695
33733
33771
33810
33850
33891
33933
33977
34021
34065
34109
34153
34197
34241
34284
34326
34369
34411
34452
34493
34534
34575
34616
34657
34698
34740
34783
34827
34873
34919
34971
35021
35074
35122
35170
35217
35264
35309
35355
35400
35445
35491
35536
35580
35624
35668
35712
35756
35800
35845
35891
35937
