25
87
153
219
284
350
418
487
552
618
683
748
810
870
929
988
1048
1107
1168
1231
1294
1359
1426
1493
1557
1621
1684
1746
1806
1866
1925
1984
2043
2104
2166
2228
2290
2351
2410
2469
2527
2585
2643
2700
2758
2819
2882
2948
3010
3072
3134
3196
3258
3320
3381
3442
3501
3559
3618
3679
3739
3799
3859
3919
3979
4038
4096
4153
4210
4267
4324
4384
4446
4509
4574
4639
4701
4762
4822
4881
4938
4995
5051
5107
5164
5222
5280
5339
5398
5459
5519
5579
5639
5701
5762
5823
5884
5943
6000
6056
6111
6166
6222
6280
6343
6410
6476
6539
6598
6656
6715
6772
6829
6886
6942
6997
7052
7106
7159
7210
7262
7314
7365
7416
7467
7517
7567
7618
7668
7718
7769
7819
7868
7918
7966
8014
8063
8111
8159
8207
8256
8304
8352
8401
8449
8498
8546
8594
8642
8690
8737
8785
8831
8878
8925
8972
9018
9065
9112
9158
9205
9253
9301
9348
9396
9445
9494
9543
9593
9643
9692
9742
9791
9840
9889
9937
9984
10031
10079
10125
10172
10219
10266
10312
10359
10405
10451
10498
10545
10591
10637
10684
10731
10777
10824
10872
10919
10965
11012
11059
11105
11151
11198
11243
11289
11335
11381
11426
11472
11517
11562
11607
11653
11699
11745
11790
11835
11880
11925
11971
12016
12061
12106
12151
12195
12240
12284
12328
12372
12416
12460
12503
12546
12590
12633
12675
12718
12760
12802
12844
12886
12927
12969
13010
13051
13093
13133
13174
13215
13255
13295
13335
13375
13415
13455
13494
13534
13573
13612
13652
13690
13729
13768
13808
13846
13884
13923
13961
14000
14038
14076
14114
14151
14190
14228
14266
14303
14340
14378
14415
14452
14489
14527
14564
14601
14638
14674
14711
14748
14784
14821
14858
14894
14931
14967
15004
15040
15077
15113
15149
15186
15222
15258
15294
15331
15368
15404
15441
15477
15513
15549
15586
15622
15659
15695
15732
15768
15804
15840
15877
15913
15949
15986
16022
16058
16095
16131
16167
16203
16238
16274
16310
16346
16382
16418
16453
16489
16524
16560
16595
16630
16666
16701
16737
16772
16807
16843
16878
16913
16948
16983
17018
17053
17088
17123
17158
17193
17228
17263
17297
17332
17367
17401
17436
17470
17505
17540
17574
17609
17644
17678
17713
17747
17782
17816
17851
17885
17920
17954
17989
18023
18058
18092
18127
18161
18195
18230
18264
18298
18333
18367
18402
18436
18470
18505
18539
18573
18608
18642
18676
18711
18745
18780
18814
18849
18883
18918
18952
18987
19021
19056
19090
19125
19159
19194
19229
19264
19299
19333
19368
19403
19438
19473
19508
19543
19579
19613
19648
19684
19719
19754
19789
19824
19860
19895
19930
19965
20000
20035
20071
20107
20142
20178
20214
20250
20285
20322
20358
20394
20430
20466
20502
20538
20574
20610
20647
20683
20719
20755
20791
20828
20864
20901
20937
20973
21009
21046
21082
21118
21155
21191
21227
21263
21299
21336
21372
21409
21446
21483
21519
21556
21593
21630
21666
21703
21740
21777
21814
21851
21888
21925
21963
22000
22038
22075
22113
22151
22189
22227
22265
22303
22342
22380
22418
22457
22496
22534
22572
22610
22649
22687
22725
22764
22803
22842
22881
22921
22960
23000
23040
23080
23120
23160
23200
23239
23279
23318
23357
23395
23434
23473
23512
23550
23589
23628
23667
23707
23746
23785
23825
23865
23905
23945
23985
24025
24064
24104
24144
24184
24224
24264
24304
24344
24383
24423
24463
24503
24542
24582
24622
24661
24701
24740
24779
24819
24858
24897
24936
24975
25013
25052
25091
25129
25168
25206
25244
25282
25320
25358
25396
25434
25472
25510
25548
25585
25623
25659
25696
25734
25771
25808
25845
25882
25919
25956
25993
26030
26068
26104
26141
26178
26215
26251
26288
26325
26361
26397
26434
26470
26506
26543
26579
26615
26651
26687
26723
26758
26794
26830
26866
26901
26937
26973
27008
27043
27079
27114
27149
27184
27219
27254
27290
27325
27360
27395
27430
27465
27500
27534
27569
27603
27638
27672
27707
27741
27775
27810
27844
27878
27912
27947
27981
28015
28049
28083
28117
28151
28185
28219
28253
28286
28320
28354
28388
28421
28455
28488
28522
28555
28589
28623
28657
28690
28724
28757
28791
28824
28858
28892
28925
28958
28992
29025
29058
29092
29125
29158
29191
29224
29257
29290
29323
29356
29388
29421
29454
29487
29519
29552
29585
29617
29650
29683
29715
29748
29781
29813
29846
29879
29911
29944
29976
30009
30041
30074
30107
30139
30172
30204
30237
30269
30302
30335
30367
30400
30433
30465
30498
30531
30563
30596
30629
30662
30694
30727
30760
30792
30825
30858
30890
30923
30956
30989
31022
31055
31088
31121
31154
31187
31221
31254
31287
31321
31354
31387
31420
31453
31487
31520
31553
31586
31619
31652
31685
31718
31751
31785
31818
31851
31885
31918
31952
31985
32019
32052
32086
32120
32153
32187
32221
32255
32288
32322
32356
32390
32424
32457
32491
32525
32559
32593
32627
32661
32695
32729
32764
32798
32833
32867
32902
32937
32971
33006
33041
33076
33111
33146
33182
33217
33253
33288
33324
33360
33395
33432
33468
33504
33541
33578
33615
33652
33689
33726
33763
33801
33838
33876
33914
33952
33990
34028
34066
34104
34143
34182
34221
34258
34299
34338
34377
34416
34455
34494
34533
34572
34610
34650
34689
34728
34768
34808
34849
34890
34931
34972
35013
35055
35096
35138
35179
35219
35261
35302
35343
35383
35425
35467
35509
35552
35595
35639
35683
35726
35770
