60
163
286
392
504
611
718
831
934
1036
1148
1259
1355
1458
1580
1687
1786
1907
2018
2119
2224
2342
2448
2549
2657
2762
2858
2957
3067
3166
3269
3376
3476
3569
3667
3766
3857
3947
4036
4121
4210
4306
4408
4503
4599
4696
4793
4886
4976
5063
5156
5265
5373
5481
5579
5669
5765
5860
5949
6046
6144
6238
6332
6420
6498
6576
6656
6746
6823
6900
6975
7048
7118
7189
7257
7326
7396
7463
7532
7601
7667
7736
7804
7873
7941
8011
8083
8154
8225
8296
8363
8431
8498
8565
8629
8692
8756
8821
8887
8960
9033
9101
9171
9241
9309
9376
9443
9510
9577
9646
9715
9780
9845
9907
9970
10032
10095
10160
10225
10286
10346
10408
10475
10548
10616
10681
10746
10813
10879
10942
11006
11071
11133
11193
11255
11318
11383
11444
11507
11571
11634
11695
11755
11816
11878
11937
11997
12058
12120
12180
12242
12304
12366
12427
12487
12546
12603
12659
12715
12770
12824
12879
12932
12986
13038
13091
13142
13194
13245
13297
13346
13396
13445
13495
13543
13591
13640
13687
13734
13781
13828
13875
13922
13969
14017
14065
14114
14162
14210
14259
14308
14357
14406
14456
14506
14556
14605
14654
14704
14754
14803
14852
14902
14951
15001
15049
15098
15146
15195
15243
15291
15340
15388
15436
15483
15531
15579
15626
15672
15720
15766
15812
15859
15905
15952
15998
16044
16091
16138
16185
16231
16278
16325
16372
16418
16465
16512
16559
16607
16653
16701
16748
16794
16841
16888
16935
16982
17029
17076
17123
17169
17216
17263
17310
17357
17404
17452
17499
17545
17593
17640
17686
17733
17780
17826
17873
17918
17964
18011
18056
18101
18147
18192
18238
18284
18329
18376
18422
18468
18514
18561
18608
18654
18700
18747
18795
18841
18887
18934
18980
19027
19074
19120
19167
19213
19260
19308
19357
19405
19454
19503
19551
19600
19648
19696
19744
19794
19843
19893
19943
19994
20047
20099
20151
20203
20255
20305
20355
20406
20456
20507
20559
20609
20661
20712
20765
20820
20873
20926
20979
21032
21085
21137
21188
21240
21293
21347
21400
21453
21508
21567
21625
21681
21736
21792
21850
21906
21961
22016
22071
22126
22180
22234
22289
22348
22404
22461
22522
22585
22644
22703
22761
22822
22882
22941
22998
23056
23116
23173
23228
23283
23339
23403
23476
23544
23615
23679
23744
23809
23870
23928
23985
24041
24094
24148
24203
24261
24320
24381
24445
24505
24566
24626
24685
24742
24798
24852
24905
24958
25008
25060
25110
25160
25210
25260
25311
25362
25413
25465
25517
25567
25618
25668
25719
25768
25818
25867
25917
25966
26015
26064
26113
26164
26213
26263
26313
26363
26413
26462
26512
26560
26608
26657
26705
26753
26800
26848
26897
26943
26991
27039
27086
27134
27182
27229
27277
27323
27371
27418
27465
27512
27559
27607
27655
27702
27750
27797
27843
27891
27938
27984
28031
28078
28125
28171
28217
28264
28310
28355
28400
28447
28492
28537
28583
28628
28673
28718
28764
28809
28854
28899
28944
28989
29035
29080
29125
29172
29217
29263
29308
29354
29400
29447
29491
29536
29582
29627
29671
29716
29761
29807
29852
29899
29945
29990
30036
30082
30128
30174
30219
30265
30311
30355
30400
30445
30491
30536
30581
30626
30672
30718
30764
30810
30857
30904
30952
30999
31046
31094
31141
31189
31237
31284
31332
31381
31430
31479
31527
31576
31625
31675
31725
31775
31824
31874
31925
31976
32027
32077
32129
32181
32233
32285
32336
32387
32439
32490
32542
32593
32645
32697
32751
32806
32861
32915
32969
33023
33079
33135
33190
33244
33298
33355
33417
33478
33536
33595
33658
33720
33780
33839
33898
33961
34031
34096
34161
34228
34303
34376
34442
34505
34570
34643
34713
34780
34851
34932
35010
35082
35157
35240
35316
35388
35463
35548
35623
35695
35770
35853
35928
36001
