10
69
129
188
245
303
359
414
469
523
578
631
685
738
792
845
899
953
1007
1061
1115
1168
1222
1274
1327
1380
1432
1485
1539
1592
1646
1700
1755
1810
1865
1920
1974
2030
2085
2139
2194
2249
2304
2359
2414
2468
2523
2577
2631
2685
2738
2792
2848
2904
2962
3019
3076
3133
3191
3247
3303
3357
3412
3466
3519
3572
3625
3678
3731
3785
3839
3893
3947
4002
4057
4113
4171
4229
4287
4345
4402
4458
4514
4569
4624
4679
4734
4788
4843
4897
4953
5009
5066
5124
5182
5239
5298
5357
5416
5474
5531
5589
5647
5705
5762
5819
5875
5932
5988
6044
6100
6155
6210
6265
6318
6371
6424
6476
6528
6581
6636
6692
6748
6804
6859
6914
6968
7023
7077
7130
7183
7236
7289
7341
7393
7445
7496
7547
7598
7649
7699
7749
7799
7849
7899
7949
7999
8048
8098
8147
8197
8246
8295
8344
8392
8441
8491
8540
8590
8639
8689
8738
8788
8836
8886
8935
8984.2
9034
9083
9132
9180
9229
9277
9325
9374
9422
9470
9519
9567
9616
9664
9713
9762
9810
9860
9909
9958
10008
10057
10107
10157
10207
10257
10307
10357
10407
10457
10507
10557
10606
10656
10706
10756
10806
10856
10906
10956
11006
11056
11106
11156
11205
11255
11304
11353
11402
11451
11499
11547
11595
11644
11693
11741
11790
11839
11888
11938
11987
12037
12087
12136
12186
12235
12283
12332
12380
12428
12475
12523
12570
12616
12663
12709
12754
12800
12846
12890
12935
12979
13024
13067
13110
13154
13197
13240
13282
13325
13367
13409
13451
13492
13534
13576
13617
13657
13698
13739
13780
13820
13860
13900
13940
13980
14020
14060
14099
14139
14178
14218
14257
14296
14335
14374
14413
14452
14491
14530
14568
14607
14646
14684
14723
14761
14799
14837
14874
14914
14951
14990
15029
15066
15103
15142
15179
15216
15254
15292
15329
15368
15404
15442
15479
15517
15554
15591
15628
15665
15702
15739
15774
15812
15849
15888
15923
15958
15995
16033
16070
16107
16143
16179
16216
16252
16289
16325
16361
16396
16433
16470
16505
16542
16577
16614
16653
16686
16722
16757
16792
16830
16866
16904
16938
16975
17010
17046
17082
17116
17154
17190
17225
17261
17297
17333
17368
17404
17438
17476
17511
17547
17581
17618
17653
17689
17724
17759
17795
17831
17865
17902
17936
17971
18009
18043
18077
18113
18147
18184
18218
18254
18288
18324
18360
18394
18428
18465
18499
18535
18569
18605
18640
18675
18710
18745
18780
18815
18850
18885
18920
18955
18990
19025
19061
19096
19131
19167
19202
19237
19273
19309
19345
19381
19417
19453
19489
19526
19562
19599
19635
19672
19709
19746
19783
19821
19858
19895
19932
19970
20008
20046
20084
20121
20159
20197
20235
20273
20312
20350
20388
20427
20465
20504
20543
20582
20620
20659
20697
20736
20775
20814
20852
20891
20930
20969
21008
21048
21087
21126
21165
21205
21244
21284
21323
21363
21403
21443
21484
21524
21564
21605
21645
21686
21726
21767
21808
21848
21889
21930
21971
22011
22053
22094
22135
22177
22218
22260
22302
22344
22386
22428
22470
22512
22554
22596
22638
22680
22722
22764
22806
22848
22890
22933
22975
23018
23061
23103
23146
23190
23233
23276
23319
23363
23406
23450
23494
23538
23581
23625
23669
23713
23757
23800
23845
23889
23933
23977
24021
24066
24110
24154
24198
24242
24285
24328
24372
24414
24457
24500
24542
24585
24627
24670
24713
24755
24798
24840
24884
24925
24968
25009
25051
25093
25135
25177
25218
25259
25302
25342
25383
25424
25465
25506
25546
25587
25628
25668
25707
25749
25787
25827
25867
25906
25945
25983
26022
26062
26100
26138
26177
26215
26253
26290
26329
26367
26403
26444
26481
26514
26555
26593
26630
26667
26704
26742
26780
26814
26852
26889
26926
26962
26998
27036
27072
27110
27146
27182
27220
27253
27290
27326
27364
27400
27436
27472
27507
27544
27580
27615
27651
27686
27722
27757
27792
27828
27862
27899
27934
27969
28003
28039
28074
28109
28144
28179
28214
28249
28284
28319
28354
28390
28424
28460
28493
28525
28561
28595
28628
28665
28698
28735
28765
28801
28836
28870
28904
28939
28973
29007
29041
29076
29108
29143
29177
29211
29245
29280
29313
29347
29381
29416
29449
29483
29518
29550
29584
29618
29653
29686
29722
29755
29787
29822
29856
29888
29923
29957
29991
30024
30058
30092
30126
30159
30193
30226
30260
30294
30327
30361
30393
30428
30462
30495
30529
30562
30596
30628
30663
30697
30730
30764
30798
30831
30865
30899
30932
30966
31000
31034
31068
31102
31136
31170
31204
31238
31272
31306
31341
31375
31409
31444
31478
31513
31547
31582
31617
31652
31686
31721
31756
31791
31826
31861
31896
31932
31967
32002
32037
32073
32108
32144
32179
32215
32251
32286
32322
32358
32394
32430
32466
32502
32538
32574
32610
32646
32682
32718
32754
32790
32827
32863
32899
32935
32971
33007
33043
33079
33115
33151
33187
33223
33259
33295
33331
33367
33403
33439
33475
33512
33548
33584
33620
33656
33693
33729
33766
33803
33840
33876
33913
33950
33987
34024
34061
34098
34135
34173
34210
34247
34285
34323
34361
34398
34436
34475
34514
34553
34591
34630
34669
34709
34748
34787
34826
34865
34904
34943
34982
35021
35060
35099
35138
35178
35218
35258
35299
35339
35379
35420
35460
35500
35541
35581
35621
35661
35702
35742
35783
35824
35865
35906
35946
