37
92
152
213
275
335
393
450
506
561
615
669
721
771
820
869
921
978
1033
1091
1151
1212
1272
1332
1390
1445
1499
1552
1606
1660
1715
1770
1824
1877
1929
1980
2031
2081
2131
2180
2231
2281
2333
2384
2435
2487
2538
2589
2639
2690
2741
2792
2844
2896
2947
2997
3046
3095
3143
3191
3239
3287
3338
3391
3453
3519
3588
3656
3723
3789
3852
3912
3970
4026
4080
4134
4187
4240
4292
4343
4392
4442
4490
4539
4589
4640
4693
4746
4801
4854
4907
4959
5010
5060
5109
5158
5206
5254
5302
5350
5399
5448
5497
5548
5600
5652
5706
5760
5814
5867
5918
5969
6019
6069
6118
6167
6216
6264
6312
6361
6409
6456
6504
6552
6601
6649
6698
6747
6796
6845
6894
6942
6990
7039
7088
7136
7184
7232
7280
7327
7374
7421
7468
7514
7560
7605
7650
7695
7739
7783
7827
7870
7914
7958
8002
8046
8091
8136
8181
8226
8271
8317
8362
8408
8454
8500
8545
8589
8634
8678
8722
8765
8809
8853
8896
8940
8983
9027
9071
9115
9159
9203
9248
9292
9337
9382
9427
9472
9517
9562
9606
9650
9694
9738
9782
9826
9870
9913
9957
10000
10044
10087
10131
10175
10219
10263
10308
10353
10397
10442
10487
10532
10576
10622
10667
10712
10757
10803
10848
10893
10938
10983
11027
11072
11116
11160
11204
11247
11290
11333
11376
11418
11461
11504
11548
11591
11635
11678
11722
11766
11810
11853
11897
11941
11984
12027
12070
12112
12155
12199
12242
12284
12327
12369
12412
12455
12498
12540
12583
12626
12668
12710
12752
12794
12836
12878
12920
12961
13003
13045
13088
13130
13173
13215
13258
13301
13343
13385
13427
13469
13511
13552
13593
13635
13676
13717
13758
13799
13840
13882
13923
13965
14006
14047
14088
14130
14171
14212
14253
14294
14335
14376
14417
14458
14499
14539
14580
14620
14661
14701
14742
14781
14821
14861
14901
14941
14981
15020
15059
15099
15138
15178
15217
15258
15298
15337
15377
15416
15456
15496
15535
15575
15614
15652
15691
15730
15769
15808
15847
15886
15925
15963
16001
16040
16079
16117
16156
16195
16234
16272
16310
16348
16387
16425
16464
16502
16541
16578
16616
16654
16692
16730
16768
16806
16844
16882
16919
16957
16995
17032
17069
17107
17144
17182
17220
17257
17295
17332
17369
17406
17443
17480
17517
17554
17590
17627
17664
17701
17739
17776
17813
17851
17887
17924
17961
17997
18034
18071
18108
18144
18181
18218
18255
18292
18328
18365
18402
18438
18475
18512
18548
18584
18620
18657
18693
18730
18766
18803
18840
18876
18913
18950
18987
19025
19062
19099
19136
19173
19210
19247
19284
19321
19358
19396
19432
19470
19507
19544
19581
19618
19655
19692
19730
19768
19807
19845
19883
19921
19960
19998
20036
20074
20111
20149
20186
20224
20261
20299
20337
20375
20413
20452
20490
20528
20567
20605
20643
20681
20719
20756
20794
20832
20869
20907
20945
20982
21020
21057
21095
21133
21171
21209
21248
21287
21327
21367
21406
21445
21484
21523
21562
21600
21638
21677
21716
21755
21794
21834
21873
21912
21951
21990
22029
22069
22109
22149
22189
22229
22269
22309
22350
22391
22432
22472
22513
22554
22595
22637
22678
22720
22761
22802
22842
22882
22923
22963
23003
23044
23084
23124
23163
23203
23243
23283
23324
23364
23405
23445
23485
23525
23565
23605
23645
23685
23725
23764
23804
23843
23883
23924
23964
24004
24044
24085
24125
24165
24206
24246
24286
24326
24366
24406
24446
24486
24526
24566
24606
24645
24684
24724
24763
24802
24841
24880
24920
24959
24998
25037
25076
25114
25153
25192
25231
25270
25309
25348
25387
25426
25465
25503
25542
25581
25620
25659
25698
25737
25776
25814
25852
25890
25928
25966
26004
26042
26081
26119
26157
26194
26232
26269
26307
26345
26382
26420
26458
26496
26534
26571
26609
26646
26683
26720
26757
26794
26831
26868
26905
26942
26979
27016
27051
27089
27125
27162
27198
27235
27271
27308
27344
27380
27417
27453
27489
27526
27563
27599
27635
27671
27708
27744
27780
27818
27853
27889
27926
27963
27999
28036
28072
28108
28145
28181
28217
28254
28290
28327
28362
28398
28435
28471
28507
28544
28579
28614
28650
28686
28721
28757
28792
28828
28864
28900
28935
28971
29006
29044
29077
29113
29148
29184
29220
29255
29291
29326
29361
29397
29432
29467
29502
29538
29573
29608
29644
29679
29714
29750
29785
29821
29856
29890
29927
29962
29998
30033
30068
30103
30138
30174
30209
30244
30279
30315
30350
30385
30420
30456
30491
30527
30562
30597
30632
30668
30703
30738
30774
30809
30843
30880
30915
30950
30986
31021
31057
31092
31128
31163
31199
31235
31269
31306
31342
31377
31414
31450
31486
31523
31559
31595
31632
31668
31704
31741
31777
31813
31849
31885
31921
31957
31994
32029
32065
32101
32138
32175
32212
32250
32287
32325
32363
32400
32438
32476
32513
32552
32589
32627
32665
32703
32741
32779
32816
32854
32891
32929
32966
33004
33041
33079
33116
33153
33190
33227
33265
33302
33341
33379
33417
33455
33494
33532
33569
33607
33645
33683
33721
33759
33797
33835
33874
33912
33951
33989
34027
34065
34103
34142
34180
34219
34258
34296
34335
34374
34413
34451
34490
34529
34568
34608
34648
34688
34728
34768
34807
34847
34887
34926
34966
35005
35045
35084
35123
35163
35202
35243
35284
35324
35365
35405
35446
35486
35527
35568
35609
35649
35690
35730
35771
35811
35852
35892
35933
35974
