20
80
141
204
267
329
390
448
506
563
620
679
737
795
853
912
972
1033
1095
1156
1215
1273
1332
1393
1457
1521
1584
1647
1709
1769
1826
1884
1941
2000
2057
2114
2171
2228
2286
2345
2402
2460
2517
2574
2631
2688
2743
2800
2859
2918
2976
3034
3092
3152
3212
3271
3329
3386
3441
3495
3549
3602
3655
3710
3770
3834
3897
3961
4023
4084
4142
4199
4255
4309
4363
4417
4471
4526
4583
4642
4703
4764
4824
4885
4946
5006
5065
5123
5180
5236
5292
5347
5400
5452
5505
5558
5614
5673
5732
5794
5858
5923
5985
6045
6102
6158
6212
6264
6317
6369
6422
6475
6530
6587
6643
6700
6756
6811
6865
6919
6971
7023
7074
7125
7176
7226
7275
7324
7373
7422
7469
7518
7565
7613
7660
7708
7754
7801
7847
7893
7939
7985
8030
8076
8122
8167
8212
8258
8303
8348
8393
8438
8484
8529
8576
8622
8668
8714
8761
8807
8854
8899
8945
8990
9036
9081
9126
9171
9217
9262
9307
9353
9398
9443
9489
9535
9580
9627
9673
9719
9765
9811
9856
9901
9946
9991
10036
10081
10127
10172
10217
10261
10306
10349
10394
10438
10482
10526
10571
10616
10660
10705
10749
10793
10837
10882
10926
10970
11013
11059
11104
11148
11192
11236
11280
11323
11367
11410
11453
11495
11538
11580
11621
11664
11705
11747
11789
11831
11872
11912
11955
11996
12038
12079
12120
12161
12202
12243
12284
12324
12365
12405
12446
12486
12527
12567
12608
12647
12687
12727
12767
12808
12847
12888
12927
12967
13006
13045
13085
13124
13164
13203
13242
13280
13319
13358
13396
13434
13472
13511
13549
13588
13626
13664
13702
13740
13779
13816
13855
13893
13931
13969
14007
14045
14082
14120
14157
14195
14234
14271
14308
14347
14384
14422
14459
14496
14534
14572
14610
14647
14685
14722
14760
14798
14835
14873
14910
14947
14984
15022
15058
15096
15133
15171
15208
15245
15282
15319
15356
15392
15429
15466
15503
15539
15576
15612
15649
15685
15722
15759
15795
15831
15867
15904
15940
15976
16013
16048
16084
16121
16157
16194
16230
16266
16302
16338
16374
16410
16446
16482
16518
16553
16590
16626
16662
16698
16734
16770
16806
16842
16878
16914
16950
16985
17022
17057
17093
17128
17164
17199
17235
17271
17306
17343
17378
17414
17450
17486
17522
17558
17593
17629
17664
17700
17735
17771
17806
17841
17877
17912
17948
17983
18020
18055
18090
18126
18162
18197
18232
18267
18303
18339
18374
18408
18445
18480
18515
18551
18586
18622
18656
18691
18726
18762
18797
18832
18867
18901
18936
18971
19006
19039
19076
19111
19145
19180
19215
19250
19285
19320
19355
19390
19425
19460
19495
19530
19566
19600
19635
19671
19706
19740
19777
19810
19846
19882
19917
19953
19988
20023
20060
20094
20130
20166
20200
20236
20272
20306
20343
20378
20414
20450
20486
20521
20556
20592
20627
20664
20699
20735
20771
20806
20842
20878
20913
20949
20984
21020
21056
21091
21127
21162
21198
21234
21269
21306
21341
21375
21411
21447
21482
21518
21554
21589
21624
21659
21695
21731
21766
21802
21838
21874
21909
21943
21980
22016
22050
22087
22123
22158
22194
22230
22267
22303
22337
22374
22410
22445
22483
22519
22555
22591
22627
22662
22699
22734
22771
22808
22843
22880
22916
22952
22989
23025
23062
23099
23134
23171
23208
23243
23281
23316
23352
23388
23424
23461
23497
23533
23570
23605
23642
23679
23715
23751
23788
23824
23861
23898
23934
23970
24006
24043
24079
24115
24152
24188
24225
24261
24298
24333
24369
24407
24443
24480
24515
24552
24588
24625
24662
24698
24734
24771
24807
24844
24880
24917
24953
24989
25025
25061
25097
25133
25169
25205
25240
25276
25312
25348
25383
25419
25454
25489
25525
25561
25597
25632
25667
25703
25739
25773
25810
25845
25881
25917
25952
25988
26023
26058
26094
26130
26166
26200
26237
26271
26308
26343
26379
26413
26450
26485
26521
26556
26592
26627
26663
26699
26734
26770
26805
26841
26876
26911
26947
26982
27017
27052
27088
27123
27158
27193
27228
27263
27298
27333
27367
27402
27436
27472
27506
27541
27576
27610
27645
27679
27714
27749
27784
27818
27853
27887
27921
27956
27990
28025
28059
28093
28127
28162
28196
28231
28265
28299
28333
28368
28402
28436
28470
28504
28539
28573
28607
28641
28676
28710
28745
28778
28813
28847
28882
28915
28950
28983
29018
29051
29086
29120
29154
29189
29222
29256
29291
29324
29357
29392
29426
29460
29493
29527
29561
29594
29628
29663
29697
29730
29765
29798
29832
29866
29900
29934
29967
30001
30035
30068
30103
30136
30170
30204
30237
30271
30305
30339
30372
30406
30440
30474
30508
30542
30576
30609
30643
30677
30711
30743
30778
30812
30845
30879
30913
30945
30980
31015
31046
31081
31114
31148
31183
31217
31251
31283
31317
31351
31386
31419
31452
31486
31520
31554
31589
31621
31656
31689
31724
31757
31792
31825
31860
31893
31927
31962
31996
32029
32064
32098
32133
32167
32201
32235
32268
32304
32338
32373
32404
32441
32476
32510
32546
32580
32615
32649
32684
32719
32753
32789
32823
32858
32893
32928
32964
33000
33035
33070
33104
33138
33173
33208
33244
33279
33314
33351
33386
33421
33455
33492
33527
33562
33598
33634
33669
33704
33740
33775
33810
33847
33883
33917
33954
33989
34025
34060
34095
34132
34166
34203
34237
34276
34310
34347
34382
34417
34453
34491
34527
34563
34598
34635
34671
34709
34744
34780
34817
34853
34890
34927
34963
35000
35037
35074
35111
35148
35186
35223
35261
35297
35333
35372
35410
35447
35485
35521
35560
35599
35637
35673
35714
35751
35789
35827
35864
35903
35941
35980
