12
54
96
138
180
222
265
307
350
393
437
480
524
567
611
656
700
745
790
835
880
925
970
1014
1058
1102
1145
1189
1232
1275
1318
1361
1403
1446
1489
1532
1576
1620
1664
1708
1752
1796
1840
1883
1927
1970
2014
2058
2102
2146
2190
2233
2277
2321
2365
2409
2453
2497
2542
2586
2631
2675
2720
2765
2810
2855
2900
2945
2990
3035
3080
3124
3169
3214
3258
3302
3347
3391
3436
3480
3525
3570
3614
3660
3704
3749
3794
3839
3884
3929
3973
4017
4062
4106
4150
4194
4238
4282
4326
4370
4414
4457
4501
4545
4589
4633
4677
4721
4765
4809
4853
4896
4940
4983
5027
5070
5114
5157
5200
5243
5286
5329
5372
5415
5458
5502
5545
5589
5633
5677
5722
5767
5811
5856
5901
5945
5989
6033
6077
6121
6165
6209
6252
6295
6338
6381
6423
6465
6507
6548
6589
6630
6671
6712
6752
6793
6833
6873
6914
6954
6994
7035
7075
7116
7156
7196
7237
7277
7317
7357
7398
7438
7478
7518
7558
7598
7638
7677
7717
7756
7795
7834
7873
7912
7950
7989
8027
8066
8104
8142
8180
8218
8256
8294
8331
8369
8407
8445
8482
8520
8558
8595
8633
8671
8708
8746
8784
8822
8859
8897
8935
8972
9010
9048
9085
9123
9161
9198
9236
9273
9311
9348
9385
9423
9460
9497
9535
9572
9609
9647
9684
9721
9759
9796
9834
9871
9908
9946
9983
10020
10057
10095
10132
10169
10206
10243
10280
10317
10354
10391
10428
10466
10503
10540
10577
10615
10652
10690
10727
10765
10802
10840
10877
10914
10952
10989
11027
11064
11102
11140
11178
11216
11253
11291
11329
11367
11405
11443
11480
11519
11557
11595
11633
11672
11710
11748
11787
11825
11864
11902
11941
11980
12019
12059
12098
12137
12176
12215
12254
12292
12331
12369
12408
12446
12484
12521
12559
12596
12634
12671
12708
12745
12782
12819
12856
12892
12928
12964
13001
13037
13073
13109
13144
13180
13215
13251
13286
13322
13357
13392
13428
13462
13497
13533
13568
13603
13638
13673
13708
13743
13778
13813
13848
13882
13917
13952
13986
14021
14055
14090
14124
14159
14193
14228
14262
14296
14331
14365
14399
14433
14467
14501
14535
14569
14603
14637
14671
14706
14740
14774
14807
14842
14876
14910
14944
14978
15012
15046
15080
15115
15149
15183
15217
15251
15285
15319
15353
15387
15421
15454
15488
15522
15555
15589
15623
15656
15690
15724
15757
15791
15824
15858
15891
15925
15958
15991
16024
16058
16091
16124
16158
16191
16224
16257
16291
16324
16357
16390
16423
16456
16490
16523
16556
16589
16622
16656
16689
16722
16755
16788
16821
16854
16886
16919
16952
16985
17018
17051
17084
17117
17149
17182
17215
17248
17280
17313
17346
17378
17411
17444
17477
17509
17542
17575
17607
17639
17672
17705
17738
17770
17803
17835
17868
17900
17933
17965
17998
18031
18063
18096
18128
18160
18194
18226
18258
18291
18323
18356
18388
18421
18453
18486
18518
18551
18584
18616
18648
18682
18714
18746
18779
18811
18844
18877
18909
18942
18975
19007
19040
19073
19105
19138
19171
19203
19236
19268
19300
19333
19366
19398
19431
19464
19496
19529
19562
19595
19627
19660
19693
19726
19759
19791
19824
19858
19891
19924
19957
19990
20023
20056
20089
20123
20156
20189
20222
20256
20289
20322
20355
20388
20422
20455
20489
20522
20555
20588
20621
20655
20688
20721
20755
20788
20821
20855
20888
20921
20955
20988
21022
21056
21089
21123
21157
21190
21224
21257
21291
21325
21358
21392
21426
21459
21493
21527
21560
21594
21628
21661
21695
21729
21762
21795
21829
21862
21896
21930
21963
21997
22030
22063
22097
22130
22164
22197
22230
22264
22297
22330
22364
22397
22431
22464
22498
22532
22565
22599
22632
22666
22700
22734
22767
22801
22835
22868
22902
22936
22970
23003
23037
23071
23105
23139
23173
23207
23240
23274
23308
23342
23376
23409
23444
23477
23511
23545
23579
23613
23647
23681
23715
23749
23783
23817
23851
23886
23920
23954
23988
24022
24056
24090
24124
24158
24192
24226
24260
24294
24327
24361
24395
24429
24462
24496
24530
24564
24597
24631
24665
24699
24732
24766
24799
24833
24866
24900
24933
24967
25000
25034
25067
25100
25134
25167
25200
25233
25267
25300
25333
25366
25399
25432
25465
25498
25531
25563
25596
25629
25661
25694
25727
25759
25792
25824
25857
25890
25922
25954
25987
26020
26052
26084
26117
26149
26182
26214
26247
26279
26311
26344
26376
26408
26440
26473
26505
26537
26570
26602
26634
26666
26699
26731
26763
26796
26828
26860
26893
26925
26957
26990
27022
27054
27086
27118
27151
27183
27215
27247
27279
27311
27344
27376
27408
27440
27472
27504
27536
27569
27601
27632
27665
27696
27728
27760
27792
27824
27857
27888
27920
27952
27984
28016
28048
28080
28112
28143
28175
28207
28239
28271
28303
28334
28366
28398
28430
28462
28493
28525
28557
28589
28621
28652
28684
28716
28748
28779
28811
28843
28875
28906
28938
28970
29001
29033
29065
29096
29128
29159
29191
29223
29254
29286
29317
29349
29380
29412
29443
29475
29506
29538
29569
29600
29632
29663
29695
29726
29757
29789
29820
29851
29882
29914
29945
29976
30008
30039
30070
30101
30132
30164
30195
30226
30257
30288
30320
30351
30382
30413
30444
30476
30507
30538
30569
30601
30632
30663
30695
30726
30758
30789
30820
30852
30883
30915
30946
30978
31009
31040
31072
31103
31135
31167
31199
31231
31263
31294
31326
31358
31390
31422
31454
31486
31518
31550
31582
31614
31646
31678
31710
31742
31774
31806
31838
31870
31902
31934
31967
31999
32031
32063
32095
32128
32160
32193
32225
32257
32290
32322
32355
32387
32420
32453
32485
32518
32551
32583
32616
32649
32682
32715
32749
32782
32816
32849
32883
32916
32949
32983
33016
33050
33083
33116
33150
33183
33217
33250
33283
33317
33350
33383
33417
33450
33484
33517
33550
33584
33617
33650
33684
33717
33751
33784
33817
33851
33885
33918
33951
33985
34019
34053
34087
34121
34155
34189
34223
34257
34291
34325
34359
34393
34427
34461
34495
34529
34564
34598
34632
34667
34701
34735
34770
34804
34838
34873
34907
34942
34976
35011
35045
35079
35114
35148
35183
35217
35252
35287
35321
35356
35391
35426
35461
35496
35531
35565
35600
35635
35670
35705
35740
35776
35811
35847
35882
