41
106
171
233
293
353
412
472
532
591
649
709
770
832
895
966
1047
1125
1195
1261
1325
1388
1449
1508
1568
1626
1686
1746
1810
1881
1950
2016
2081
2143
2203
2262
2320
2378
2435
2492
2551
2615
2692
2770
2851
2924
2993
3061
3127
3196
3268
3344
3420
3494
3606
3702
3773
3836
3895
3955
4016
4083
4151
4217
4283
4347
4408
4469
4529
4586
4642
4698
4753
4808
4864
4921
4980
5044
5117
5192
5264
5330
5393
5452
5510
5567
5623
5679
5734
5788
5841
5894
5948
6004
6062
6123
6186
6249
6309
6367
6425
6482
6539
6595
6652
6707
6762
6817
6871
6924
6978
7031
7084
7138
7190
7243
7295
7347
7399
7450
7502
7553
7604
7655
7706
7757
7807
7858
7908
7958
8009
8059
8109
8159
8209
8259
8310
8360
8410
8460
8509
8559
8607
8657.6
8705
8753
8802
8851
8899
8948
8998
9047
9098
9148
9198
9249
9300
9350
9402
9453
9504
9555
9604
9654
9703
9752
9800
9847
9895
9943
9991
10039
10087
10135
10184
10232
10281
10330
10380
10430
10480
10531
10581
10632
10682
10732
10782
10832
10881
10930
10980
11027
11076
11123
11171
11219
11267
11314
11362
11411
11459
11508
11557
11606
11655
11705
11754
11802
11852
11901
11950
11999
12048
12096
12144
12192
12240
12288
12336
12383
12431
12478
12525
12573
12620
12666
12713
12759
12805
12852
12897
12942
12988
13032
13077
13121
13165
13209
13252
13296
13339
13381
13424
13467
13509
13551
13593
13635
13676
13717
13758
13799
13840
13880
13921
13961
14001
14041
14082
14122
14161
14200
14240
14279
14319
14358
14397
14437
14475
14514
14553
14592
14631
14670
14709
14747
14786
14825
14863
14902
14940
14978
15016
15054
15092
15131
15169
15207
15245
15283
15321
15359
15397
15435
15472
15510
15548
15586
15624
15662
15700
15738
15776
15813
15851
15889
15926
15964
16002
16040
16077
16115
16153
16191
16227
16265
16302
16339
16377
16414
16451
16488
16526
16563
16600
16637
16674
16711
16748
16785
16821
16858
16894
16931
16967
17004
17040
17077
17113
17150
17186
17223
17259
17296
17332
17369
17405
17443
17477
17513
17549
17585
17621
17657
17693
17729
17765
17801
17838
17873
17910
17946
17982
18017
18054
18090
18126
18162
18198
18234
18270
18306
18342
18378
18413
18449
18485
18521
18557
18593
18628
18664
18700
18735
18771
18807
18843
18879
18914
18950
18985
19021
19057
19093
19129
19165
19201
19237
19273
19309
19345
19381
19417
19453
19490
19526
19562
19598
19635
19671
19708
19744
19781
19818
19855
19891
19928
19964
20001
20038
20075
20111
20148
20185
20222
20259
20296
20332
20370
20406
20443
20480
20518
20555
20592
20629
20667
20704
20741
20778
20816
20853
20890
20928
20964
21002
21039
21076
21113
21151
21188
21226
21263
21301
21338
21375
21412
21450
21487
21524
21562
21599
21637
21675
21712
21750
21788
21826
21864
21902
21940
21979
22017
22056
22095
22133
22172
22211
22250
22289
22328
22367
22406
22445
22485
22524
22563
22602
22642
22682
22722
22762
22803
22843
22883
22923
22964
23004
23045
23085
23126
23167
23207
23249
23290
23330
23371
23412
23453
23494
23535
23576
23617
23658
23700
23741
23782
23824
23865
23907
23948
23991
24033
24075
24117
24160
24203
24245
24288
24331
24373
24415
24457
24499
24541
24582
24621
24665
24706
24746
24787
24828
24868
24909
24949
24989
25029
25069
25109
25149
25189
25229
25268
25308
25347
25387
25426
25465
25505
25544
25583
25623
25662
25701
25741
25780
25819
25858
25897
25936
25975
26014
26053
26091
26130
26169
26207
26246
26284
26323
26361
26400
26438
26477
26515
26553
26591
26629
26667
26705
26743
26780
26818
26855
26893
26931
26969
27006
27043
27081
27118
27155
27192
27230
27267
27304
27341
27379
27416
27453
27490
27527
27564
27601
27638
27676
27713
27750
27787
27824
27861
27898
27935
27972
28009
28045
28082
28119
28155
28192
28229
28266
28302
28339
28375
28412
28448
28485
28521
28558
28594
28630
28667
28703
28739
28775
28811
28847
28883
28919
28955
28990
29026
29062
29097
29133
29168
29204
29239
29274
29310
29345
29381
29416
29452
29487
29523
29558
29594
29629
29665
29700
29735
29770
29805
29841
29876
29911
29946
29981
30017
30052
30087
30122
30157
30192
30227
30262
30297
30332
30366
30401
30436
30471
30505
30540
30575
30609
30644
30679
30714
30749
30784
30819
30853
30888
30923
30958
30992
31027
31062
31097
31132
31167
31202
31236
31271
31306
31341
31376
31411
31446
31481
31516
31550
31586
31620
31655
31691
31726
31761
31796
31831
31866
31902
31937
31972
32007
32042
32077
32113
32149
32184
32219
32255
32291
32326
32362
32397
32433
32468
32504
32539
32575
32611
32647
32683
32719
32755
32791
32827
32863
32899
32934
32970
33006
33042
33078
33114
33150
33186
33222
33258
33294
33330
33366
33402
33438
33475
33510
33547
33583
33619
33655
33691
33727
33763
33800
33836
33872
33908
33944
33981
34017
34054
34091
34127
34165
34202
34239
34277
34315
34354
34392
34431
34470
34509
34548
34587
34626
34666
34705
34745
34784
34824
34864
34904
34944
34984
35024
35065
35106
35147
35188
35229
35271
35312
35353
35395
35436
35478
35519
35561
35603
35645
35688
35731
35773
35816
35859
35903
35948
35992
