46
107
166
224
280
336
391
446
503
559
614
668
721
773
825
878
933
989
1048
1106
1165
1221
1276
1332
1388
1443
1497
1551
1606
1662
1720
1784
1851
1915
1981
2047
2112
2176
2237
2295
2351
2407
2462
2517
2572
2627
2682
2736
2791
2848
2906
2967
3029
3088
3146
3202
3257
3311
3364
3417
3469
3523
3577
3630
3681
3733
3785
3838
3891
3944
3998
4053
4106
4161
4215
4268
4320
4372
4424
4475
4526
4580
4634
4688
4741
4794
4846
4899
4951
5004
5056
5108
5160
5212
5263
5314
5364
5415
5466
5519
5571
5624
5677
5730
5782
5835
5889
5943
5998
6051
6104
6156
6208
6259
6310
6362.9
6418
6493
6575
6653
6724
6793
6857
6918
6974
7029
7082
7136
7189
7241
7295
7346
7397
7446.2
7496
7544.8
7593
7642
7692
7742
7790
7839
7887
7936
7983.4
8034
8086
8136
8187
8236
8287
8337
8388
8438
8487
8535
8583
8629.9
8679
8725.3
8774
8823
8872
8921
8970
9019
9067
9115
9162
9209
9255
9301
9347
9393
9438
9484
9531
9579
9630
9681
9732
9782
9832
9881
9931
9980
10029
10077
10126
10173
10220
10269
10316
10366
10414
10462
10510
10560
10608
10657
10706
10755
10806
10856
10906
10955
11004
11053
11101
11150
11198
11245
11292
11339
11386
11432
11479
11528
11576
11623
11671
11718
11765
11814
11861
11909
11956
12004
12050
12098
12145
12192
12238
12285
12331
12375
12422
12466
12511
12556
12599
12644
12688
12730
12775
12818
12860
12904
12945
12989
13031
13073
13114
13157
13198
13238
13280
13320
13362
13402
13441
13480
13520
13560
13599
13638
13680
13716
13755
13794
13835
13873
13909
13948
13986
14025
14061
14100
14137
14175
14213
14251
14290
14326
14363
14401
14439
14476
14514
14551
14588
14625
14663
14701
14736
14776
14811
14847
14887
14921
14960
14995
15031
15068
15106
15142
15179
15215
15251
15289
15325
15361
15397
15433
15470
15508
15542
15577
15615
15650
15687
15724
15759
15795
15832
15867
15905
15939
15977
16011
16048
16084
16118
16154
16190
16226
16262
16298
16335
16370
16405
16441
16476
16513
16548
16584
16619
16655
16690
16726
16761
16798
16833
16868
16903
16939
16974
17010
17045
17082
17116
17153
17188
17222
17259
17293
17328
17364
17400
17435
17471
17505
17542
17576
17612
17647
17682
17717
17752
17787
17822
17858
17892
17929
17962
17999
18032
18067
18102
18137
18173
18207
18242
18277
18313
18348
18384
18418
18454
18488
18525
18558
18594
18629
18664
18698
18734
18768
18802
18840
18873
18911
18944
18980
19014
19049
19082
19119
19155
19188
19224
19258
19293
19330
19364
19399
19436
19469
19504
19538
19574
19610
19644
19679
19715
19750
19785
19820
19856
19890
19927
19961
19994
20031
20065
20100
20135
20173
20206
20243
20276
20312
20347
20383
20419
20453
20488
20522
20559
20593
20629
20665
20698
20736
20770
20807
20841
20877
20914
20948
20984
21021
21055
21092
21125
21159
21195
21232
21268
21300
21339
21372
21409
21443
21480
21516
21549
21586
21622
21657
21693
21728
21763
21799
21835
21869
21906
21940
21977
22012
22047
22084
22117
22154
22189
22224
22261
22297
22332
22368
22404
22439
22473
22509
22545
22580
22616
22652
22688
22723
22760
22796
22829
22866
22902
22938
22975
23013
23048
23082
23119
23153
23190
23227
23262
23299
23334
23370
23407
23442
23478
23516
23550
23588
23623
23658
23694
23733
23767
23806
23840
23876
23912
23949
23989
24023
24060
24096
24133
24168
24206
24243
24278
24317
24352
24389
24427
24463
24499
24534
24572
24607
24646
24683
24717
24757
24794
24831
24870
24906
24942
24980
25020
25054
25090
25128
25165
25202
25239
25275
25312
25350
25386
25423
25460
25496
25534
25571
25610
25644
25681
25717
25755
25791
25827
25864
25900
25936
25973
26009
26045
26082
26118
26155
26188
26225
26261
26295
26332
26370
26405
26441
26476
26510
26547
26581
26616
26652
26688
26722
26759
26792
26829
26866
26898
26932
26967
27002
27038
27072
27107
27141
27176
27210
27243
27280
27314
27349
27385
27418
27451
27487
27519
27557
27592
27626
27662
27695
27729
27764
27798
27833
27867
27902
27936
27971
28008
28040
28076
28110
28145
28179
28213
28248
28284
28317
28353
28386
28420
28455
28491
28524
28560
28593
28628
28662
28697
28731
28767
28800
28835
28868
28904
28937
28970
29008
29039
29074
29109
29142
29177
29211
29244
29279
29313
29347
29382
29417
29452
29484
29520
29553
29587
29621
29657
29689
29723
29757
29791
29827
29862
29894
29927
29962
29997
30031
30065
30098
30133
30165
30201
30236
30269
30304
30336
30370
30405
30440
30475
30507
30541
30575
30610
30643
30678
30713
30748
30780
30816
30850
30884
30918
30951
30986
31021
31055
31089
31122
31157
31192
31225
31260
31295
31329
31364
31400
31433
31467
31502
31536
31572
31605
31640
31674
31710
31744
31780
31815
31849
31884
31919
31954
31988
32024
32058
32095
32129
32165
32201
32235
32270
32307
32343
32378
32412
32448
32483
32518
32552
32589
32625
32662
32697
32731
32767
32803
32838
32875
32908
32944
32980
33016
33051
33087
33123
33157
33194
33230
33264
33301
33336
33370
33408
33443
33480
33514
33551
33588
33622
33659
33695
33732
33768
33805
33841
33878
33913
33951
33987
34023
34060
34096
34133
34172
34209
34247
34283
34321
34357
34395
34431
34469
34505
34543
34582
34620
34655
34695
34732
34771
34808
34846
34885
34922
34961
35001
35038
35076
35115
35155
35194
35234
35272
35311
35351
35391
35431
35469
35511
35553
35592
35634
35674
35715
35756
35799
35840
35880
35923
35963
36006
36047
