56
134
211
288
364
440
515
592
673
760
843
926
1011
1097
1179
1262
1346
1431
1513
1592
1672
1755
1845
1933
2016
2102
2190
2276
2361
2447
2534
2616
2698
2781
2865
2947
3029
3115
3207
3303
3398
3493
3579
3662
3745
3828
3912
3995
4076
4156
4236
4319
4400
4480
4559
4639
4719
4796
4871
4945
5017
5088
5158
5230
5308
5395
5480
5564
5651
5737
5819
5901
5984
6067
6148
6226
6304
6379
6454
6528
6601
6675
6748
6822
6896
6970
7044
7116
7189
7259
7330
7399
7467
7535
7601
7667
7732
7797
7863
7927
7990
8055
8120
8184
8248
8312
8376
8441
8505
8570
8635
8700
8765
8830
8894
8956
9018
9079
9138
9198
9252
9306
9362
9419
9479
9541
9608
9680
9751
9827
9904
9977
10048
10119
10190
10259
10327
10397
10467
10535
10603
10673
10742
10810
10877
10946
11012
11077
11142
11207
11271
11336
11401
11464
11528
11591
11654
11717
11781
11845
11910
11979
12042
12108
12172
12235
12297
12358
12417
12477
12536
12593
12651
12709
12765
12821
12877
12932
12987
13042
13097
13150
13205
13258
13311
13364
13415
13468
13519
13570
13620
13672
13721
13771
13819
13870
13918
13967
14015
14063
14111
14157
14206
14252
14299
14346
14393
14439
14484
14531
14577
14621
14667
14713
14757
14803
14848
14893
14938
14982
15025
15070
15115
15158
15204
15247
15291
15336
15380
15423
15468
15513
15555
15599
15644
15686
15730
15775
15819
15863
15907
15949
15993
16039
16082
16125
16170
16214
16259
16303
16347
16391
16436
16477
16523
16569
16612
16655
16700
16745
16788
16832
16876
16920
16964
17007
17051
17095
17138
17181
17224
17269
17311
17353
17396
17440
17482
17525
17568
17609
17652
17695
17736
17778
17820
17863
17905
17945
17988
18030
18071
18113
18154
18197
18238
18279
18321
18362
18404
18445
18487
18529
18569
18611
18651
18693
18735
18776
18816
18857
18897
18939
18981
19021
19062
19102
19144
19186
19227
19268
19308
19350
19392
19434
19475
19516
19557
19598
19639
19682
19724
19765
19806
19848
19890
19932
19975
20017
20058
20099
20141
20184
20227
20270
20312
20353
20395
20437
20481
20524
20566
20609
20651
20693
20736
20780
20823
20865
20908
20951
20995
21039
21082
21124
21167
21211
21255
21298
21340
21383
21427
21471
21514
21556
21599
21643
21688
21730
21774
21818
21863
21907
21950
21994
22038
22084
22128
22172
22215
22261
22306
22351
22395
22439
22483
22529
22574
22619
22662
22706
22752
22798
22845
22892
22936
22982
23030
23079
23128
23176
23224
23273
23323
23372
23420
23469
23519
23566
23614
23664
23713
23761
23809
23860
23910
23959
24008
24059
24110
24159
24209
24261
24312
24362
24412
24464
24513
24565
24615
24669
24719
24772
24825
24878
24928
24982
25034
25086
25137
25190
25239
25290
25340
25392
25441
25491
25539
25590
25638
25686
25735
25784
25833
25879
25929
25976
26023
26072
26119
26166
26213
26260
26307
26353
26398
26446
26490
26536
26582
26626
26673
26718
26762
26807
26853
26894
26940
26985
27029
27073
27116
27160
27204
27247
27291
27334
27377
27421
27464
27506
27549
27593
27635
27677
27718
27762
27805
27845
27889
27932
27975
28016
28058
28101
28144
28184
28227
28270
28312
28354
28395
28438
28480
28521
28563
28605
28646
28689
28729
28771
28812
28853
28895
28936
28976
29017
29058
29099
29139
29181
29222
29261
29301
29343
29384
29424
29462
29504
29545
29586
29626
29663
29705
29745
29787
29826
29866
29905
29946
29986
30026
30065
30106
30145
30186
30225
30265
30306
30346
30384
30424
30465
30505
30544
30584
30624
30664
30703
30743
30782
30823
30863
30902
30942
30982
31023
31063
31103
31142
31182
31222
31262
31303
31343
31383
31422
31463
31504
31544
31584
31624
31665
31706
31747
31786
31827
31867
31909
31951
31992
32032
32072
32113
32156
32197
32238
32279
32320
32362
32403
32445
32487
32527
32568
32610
32652
32694
32735
32776
32817
32859
32902
32943
32984
33025
33067
33109
33152
33194
33236
33279
33323
33365
33407
33449
33492
33535
33579
33624
33667
33710
33754
33799
33843
33887
33931
33977
34023
34067
34114
34159
34204
34250
34297
34344
34391
34440
34487
34534
34582
34631
34678
34726
34775
34824
34875
34928
34980
35031
35084
35138
35189
35241
35294
35347
35398
35448
35499
35551
35605
35658
35710
35762
35816
35873
35932
35990
36045
