17
83
151
218
285
349
413
475
538
601
665
730
797
864
931
999
1068
1135
1203
1272
1340
1408
1477
1546
1614
1683
1749
1816
1882
1948
2013
2078
2144
2209
2274
2339
2404
2470
2535
2602
2669
2737
2803
2867
2931
2993
3053
3113
3171
3229
3287
3347
3409
3477
3546
3618
3685
3753
3820
3886
3949
4011
4071
4130
4189
4248
4311
4375
4444
4520
4591
4667
4742
4814
4887
4957
5024
5088
5151
5212
5273
5333
5392
5451
5510
5568
5627
5686
5746
5807
5870
5934
6001
6065
6129
6192
6252
6312
6372.3
6429.4
6487.9
6545
6602
6657
6711
6765.1
6819
6872
6923.7
6976
7029
7081
7132.9
7184
7236
7288
7340
7392
7443
7494
7545
7596
7647
7698
7749
7800
7851
7901.6
7954
8006
8056.8
8109
8161
8214
8267
8320
8373
8428
8483
8540
8598
8656
8713
8770
8827
8883
8938
8992
9046
9100
9154
9207
9259
9311
9363.3
9417.4
9471
9524
9579
9632
9687
9742
9797
9852
9908
9964
10020
10076
10132
10187
10243
10298
10352
10406
10461
10515
10568
10621
10675
10728
10782
10836
10890
10946
11002
11057
11112
11166
11220
11274
11327
11380
11432
11484
11536
11589
11641
11694
11748
11802
11856
11911
11966
12021
12075
12130
12184
12237
12291
12344
12397
12449
12501
12553
12605
12656
12706
12756
12806
12855
12903
12952
13000
13048
13095
13142
13189
13235
13281
13327
13373
13418
13463
13508
13552
13596
13641
13684
13728
13772
13814
13858
13901
13943
13986
14028
14071
14113
14155
14197
14239
14280
14322
14364
14405
14447
14488
14529
14571
14612
14654
14695
14737
14778
14820
14861
14902
14943
14985
15026
15067
15109
15150
15191
15232
15274
15314
15355
15395
15437
15478
15519
15560
15600
15642
15682
15723
15764
15805
15846
15887
15927
15968
16009
16050
16091
16132
16172
16213
16254
16295
16336
16377
16418
16458
16499
16540
16581
16622
16663
16704
16745
16785
16826
16867
16907
16948
16988
17030
17070
17111
17151
17192
17232
17273
17313
17354
17394
17435
17476
17516
17557
17597
17639
17679
17719
17759
17800
17840
17881
17921
17962
18002
18042
18083
18124
18164
18204
18245
18285
18325
18366
18406
18447
18487
18527
18568
18608
18648
18689
18729
18771
18810
18850
18890
18931
18971
19011
19051
19091
19131
19171
19211
19252
19293
19333
19374
19414
19455
19494
19536
19577
19617
19659
19700
19740
19781
19823
19864
19905
19946
19987
20028
20070
20111
20152
20194
20235
20277
20319
20361
20403
20445
20488
20530
20573
20615
20658
20700
20743
20786
20828
20871
20913
20956
20999
21042
21084
21127
21170
21213
21256
21299
21342
21386
21429
21472
21515
21560
21604
21647
21691
21735
21778
21821
21864
21907
21950
21993
22035
22078
22121
22164
22208
22251
22294
22338
22382
22426
22469
22513
22557
22601
22645
22690
22735
22780
22825
22871
22917
22964
23010
23057
23104
23151
23197
23243
23289
23334
23379
23424
23469
23514
23559
23604
23650
23697
23743
23789
23835
23882
23929
23975
24023
24069
24116
24163
24209
24255
24302
24349
24394
24440
24485
24530
24576
24620
24665
24709
24754
24798
24842
24887
24930
24974
25017
25061
25104
25147
25190
25234
25277
25320
25364
25406
25449
25492
25535
25577
25620
25662
25705
25747
25789
25831
25873
25915
25957
25999
26041
26083
26124
26166
26208
26249
26290
26332
26373
26414
26455
26497
26538
26579
26620
26662
26703
26744
26785
26827
26868
26909
26950
26991
27032
27073
27114
27155
27196
27236
27277
27318
27358
27399
27439
27480
27520
27560
27601
27641
27681
27721
27761
27801
27841
27880
27920
27960
28000
28040
28079
28119
28158
28198
28237
28277
28316
28356
28396
28435
28474
28514
28553
28593
28633
28672
28712
28751
28791
28831
28870
28910
28950
28989
29029
29068
29108
29147
29187
29226
29266
29305
29345
29384
29423
29463
29502
29541
29581
29620
29659
29699
29738
29777
29816
29855
29894
29933
29973
30012
30050
30090
30127
30167
30206
30245
30284
30323
30362
30401
30439
30478
30517
30556
30595
30633
30672
30712
30751
30790
30828
30867
30906
30945
30983
31024
31063
31102
31142
31181
31222
31261
31301
31342
31381
31421
31461
31501
31541
31581
31621
31661
31702
31742
31783
31825
31865
31906
31947
31989
32030
32072
32113
32154
32196
32237
32279
32320
32362
32403
32444
32486
32529
32570
32613
32655
32697
32740
32782
32824
32867
32909
32952
32994
33037
33080
33123
33166
33210
33253
33297
33341
33386
33429
33475
33520
33565
33610
33656
33702
33748
33794
33841
33888
33935
33983
34032
34081
34130
34179
34229
34278
34327
34377
34427
34476
34525
34575
34627
34677
34728
34781
34834
34885
34938
34991
35043
35094
35147
35201
35253
35307
35361
35416
35469
35523
35578
35631
35684
