50
198
302
450
549
653
803
962
1071
1170
1320
1414
1515
1657
1760
1917
2020
2173
2316
2459
2579
2731
2824
2920
3076
3191
3347
3488
3580
3666
3773
3891
3985
4139
4249
4398
4516
4614
4731
4860
4994
5106
5211
5338
5468
5595
5713
5805
5891
5984
6075
6164
6259
6355
6447
6537
6621
6703
6787
6871
6950
7028
7105
7182
7259
7337
7415
7491
7566
7639
7711
7782
7852
7921
7988
8056
8124
8190
8256
8321
8387
8451
8515
8580
8645
8710
8773
8835
8897
8958
9020
9081
9142
9203
9263
9322
9381
9440
9498
9557
9616
9673
9731
9789
9846
9904
9962
10018
10076
10134
10191
10249
10307
10364
10422
10479
10537
10595
10652
10710
10767
10825
10882
10939
10997
11053
11110
11167
11223
11279
11336
11391
11447
11503
11558
11614
11669
11724
11779
11833
11887
11941
11995
12047
12101
12154
12207
12259
12313
12365
12417
12469
12521
12573
12624
12675
12726
12777
12828
12877
12928
12978
13028
13077
13127
13176
13224
13273
13322
13370
13417
13466
13513
13561
13607
13653
13701
13745
13791
13837
13882
13929
13974
14017
14063
14108
14153
14197
14241
14286
14330
14373
14417
14461
14505
14549
14593
14636
14680
14724
14767
14810
14854
14898
14941
14985
15028
15071
15116
15159
15201
15245
15289
15331
15374
15417
15460
15503
15546
15589
15631
15673
15717
15760
15801
15844
15887
15929
15973
16015
16057
16100
16143
16185
16227
16269
16312
16354
16395
16438
16480
16521
16563
16606
16648
16690
16733
16774
16817
16859
16902
16944
16985
17028
17071
17113
17154
17197
17240
17281
17322
17365
17408
17449
17491
17533
17575
17617
17659
17701
17743
17784
17827
17868
17909
17951
17993
18035
18076
18117
18159
18201
18243
18284
18325
18368
18410
18451
18493
18534
18576
18619
18660
18702
18743
18785
18827
18868
18909
18951
18993
19035
19076
19117
19159
19202
19244
19286
19327
19368
19410
19452
19494
19537
19578
19620
19663
19706
19748
19790
19832
19875
19918
19962
20004
20046
20090
20133
20177
20220
20262
20305
20349
20393
20435
20477
20521
20565
20608
20650
20692
20735
20779
20822
20864
20906
20949
20992
21036
21078
21120
21162
21205
21249
21292
21334
21376
21419
21463
21506
21548
21591
21634
21678
21722
21765
21807
21851
21894
21938
21982
22026
22069
22112
22157
22202
22246
22289
22333
22379
22425
22469
22515
22560
22606
22653
22700
22746
22791
22839
22886
22933
22979
23027
23075
23123
23169
23218
23266
23314
23360
23407
23454
23502
23548
23594
23643
23691
23738
23788
23837
23885
23934
23985
24034
24083
24133
24183
24232
24281
24330
24380
24428
24476
24526
24575
24625
24672
24722
24772
24822
24870
24919
24969
25018
25066
25115
25165
25212
25261
25309
25356
25404
25452
25498
25545
25593
25639
25686
25733
25779
25826
25872
25919
25965
26011
26057
26103
26149
26194
26238
26284
26329
26374
26418
26462
26507
26552
26596
26640
26685
26729
26773
26818
26862
26906
26950
26994
27038
27082
27125
27169
27213
27257
27301
27345
27389
27433
27477
27521
27564
27607
27651
27694
27737
27781
27824
27866
27908
27953
27995
28037
28079
28122
28164
28205
28248
28290
28331
28374
28416
28457
28499
28540
28582
28623
28664
28706
28747
28787
28829
28870
28910
28951
28991
29033
29073
29114
29154
29194
29235
29276
29317
29357
29396
29437
29479
29519
29558
29598
29639
29680
29720
29760
29799
29841
29882
29921
29961
30001
30042
30083
30122
30163
30202
30244
30284
30324
30365
30405
30446
30485
30526
30566
30607
30648
30689
30729
30768
30809
30850
30890
30930
30970
31011
31052
31092
31132
31172
31213
31255
31295
31335
31375
31415
31455
31497
31537
31577
31617
31659
31699
31739
31780
31821
31862
31903
31944
31984
32025
32067
32108
32150
32192
32234
32276
32317
32358
32400
32442
32485
32528
32571
32613
32655
32698
32740
32783
32826
32869
32912
32954
32996
33038
33082
33125
33168
33211
33255
33299
33343
33387
33430
33474
33518
33563
33608
33653
33698
33743
33789
33837
33883
33929
33975
34022
34070
34117
34163
34209
34256
34304
34353
34400
34448
34496
34547
34599
34650
34701
34752
34805
34861
34915
34967
35022
35079
35138
35193
35251
35310
35370
35427
35487
35547
35607
35664
35720
35779
35839
35896
35953
36016
36081
