46
108
170
233
297
360
423
484
544
605
668
730
791
857
926
994
1058
1120
1186
1259
1330
1395
1459
1523
1587
1650
1709
1769
1833
1900
1964
2030
2094
2153
2213
2274
2334
2393
2450
2507
2562
2616
2670
2725
2787
2853
2920
3000
3076
3142
3205
3271
3334
3392
3449
3505
3562
3619
3675
3733
3791
3849
3906
3967
4027
4085
4140
4196
4252
4306
4359
4413
4467
4521
4576
4634
4691
4748
4807
4867
4927
4987
5047
5105
5162
5219
5275
5329
5382
5435
5487
5539
5595
5658
5726
5809
5889
5963
6032
6098
6159
6215
6268
6320
6371
6422
6473
6523
6574
6627
6678
6731
6785
6837
6889
6941
6993
7044
7094
7144
7194
7243
7292
7341
7390
7438
7487
7536
7585
7635
7684
7732
7781
7828
7876
7923
7969
8015
8061
8107
8153
8199
8244
8290
8336
8381
8427
8472
8518
8563
8609
8654
8699
8745
8790
8836
8881
8926
8971
9016
9061
9107
9152
9197
9242
9287
9331
9375
9418
9461
9504
9547
9590
9632
9675
9717
9760
9803
9845
9888
9931
9974
10018
10062
10106
10150
10193
10237
10280
10323
10366
10409
10452
10496
10538
10581
10624
10667
10709
10752
10795
10837
10879
10921
10963
11005
11046
11088
11129
11170
11212
11253
11294
11336
11377
11418
11458
11499
11540
11580
11621
11661
11701
11742
11782
11822
11862
11902
11942
11982
12022
12061
12101
12141
12181
12220
12259
12298
12337
12376
12414
12453
12491
12529
12567
12605
12643
12681
12719
12756
12794
12832
12869
12907
12945
12982
13020
13057
13094
13131
13168
13205
13242
13279
13316
13352
13389
13425
13461
13497
13533
13570
13606
13642
13678
13713
13749
13785
13821
13857
13892
13928
13963
13999
14034
14070
14105
14140
14176
14211
14246
14281
14316
14352
14387
14422
14457
14492
14527
14562
14597
14632
14667
14702
14737
14773
14808
14843
14878
14913
14948
14983
15019
15054
15089
15124
15159
15194
15230
15265
15300
15335
15370
15405
15440
15475
15510
15545
15580
15616
15651
15686
15721
15757
15792
15827
15863
15898
15934
15969
16004
16040
16075
16111
16147
16182
16218
16253
16289
16325
16361
16397
16433
16468
16505
16540
16577
16613
16649
16685
16721
16757
16793
16829
16865
16901
16937
16973
17009
17044
17080
17116
17152
17187
17223
17259
17294
17330
17366
17401
17437
17472
17508
17543
17579
17614
17649
17685
17720
17755
17790
17826
17861
17896
17931
17966
18001
18036
18072
18107
18142
18177
18212
18247
18283
18318
18353
18388
18423
18458
18493
18528
18564
18599
18634
18669
18704
18740
18775
18810
18845
18881
18916
18952
18988
19024
19060
19096
19132
19169
19205
19241
19278
19314
19350
19386
19422
19458
19494
19530
19566
19602
19638
19674
19710
19747
19783
19819
19856
19892
19929
19966
20003
20040
20078
20115
20153
20190
20227
20265
20303
20341
20379
20417
20455
20493
20530
20567
20605
20642
20680
20717
20755
20793
20831
20869
20907
20945
20984
21022
21061
21099
21138
21176
21215
21254
21293
21331
21370
21409
21448
21487
21526
21564
21602
21641
21679
21717
21754
21792
21830
21868
21907
21945
21984
22023
22062
22101
22140
22180
22219
22259
22299
22339
22379
22418
22458
22498
22539
22579
22619
22659
22699
22739
22779
22819
22859
22899
22939
22979
23019
23059
23099
23138
23178
23219
23260
23302
23345
23387
23429
23470
23510
23551
23591
23631
23670
23709
23749
23788
23827
23865
23904
23943
23982
24021
24060
24099
24137
24176
24214
24253
24291
24330
24368
24407
24445
24483
24521
24560
24598
24636
24674
24712
24749
24787
24825
24862
24900
24938
24975
25013
25050
25087
25125
25162
25199
25237
25274
25311
25348
25385
25421
25458
25494
25531
25567
25603
25639
25675
25711
25746
25782
25817
25853
25888
25924
25959
25995
26030
26065
26101
26136
26171
26206
26241
26276
26311
26346
26380
26415
26450
26484
26519
26553
26588
26623
26657
26692
26727
26761
26796
26830
26865
26900
26934
26969
27004
27038
27073
27108
27142
27177
27212
27247
27282
27317
27351
27386
27421
27456
27491
27526
27561
27595
27630
27665
27700
27734
27769
27803
27838
27872
27907
27941
27976
28010
28045
28079
28113
28147
28182
28216
28250
28284
28319
28353
28387
28421
28455
28489
28524
28558
28592
28626
28660
28693
28727
28761
28795
28829
28863
28897
28931
28965
28999
29033
29067
29102
29136
29170
29204
29238
29272
29307
29341
29375
29409
29444
29478
29512
29547
29581
29615
29649
29683
29718
29752
29786
29820
29854
29888
29922
29956
29990
30024
30058
30091
30125
30159
30193
30226
30260
30294
30328
30361
30395
30428
30462
30495
30529
30562
30596
30630
30663
30697
30731
30764
30798
30832
30866
30900
30934
30968
31002
31036
31070
31104
31139
31173
31207
31242
31276
31310
31345
31379
31414
31448
31483
31517
31552
31587
31621
31656
31691
31726
31761
31796
31831
31866
31901
31937
31972
32008
32043
32079
32116
32152
32188
32224
32260
32297
32334
32371
32408
32445
32483
32520
32558
32596
32634
32671
32709
32747
32786
32824
32864
32903
32942
32981
33020
33059
33098
33136
33175
33213
33252
33290
33329
33368
33407
33446
33486
33525
33564
33604
33644
33684
33724
33763
33803
33842
33880
33919
33958
33997
34035
34074
34113
34153
34195
34237
34278
34320
34361
34403
34446
34488
34530
34572
34613
34654
34696
34737
34777
34818
34860
34901
34943
34986
35028
35070
35112
35156
35199
35242
35284
35326
35368
35410
35451
35492
35533
35575
35616
35657
35698
35739
35779
35820
35860
35901
35943
35984
