35
108
187
268
346
428
509
583
655
727
796
863
929
996
1069
1138
1215
1299
1390
1481
1566
1642
1713
1780
1845
1908
1970
2033
2106
2185
2279
2378
2475
2564
2650
2729
2807
2889
2971
3060
3144
3226
3310
3389
3473
3551
3628
3699
3767
3835
3903
3972
4049
4128
4215
4307
4395
4474
4550
4622
4693
4763
4834
4905
4976
5047
5121
5192
5270
5347
5430
5521
5616
5709
5797
5884
5963
6034
6101
6167
6232
6297
6365
6439
6515
6585
6655
6722
6787
6849
6911
6972
7033
7092
7151
7209
7266
7323
7379
7436
7492
7547
7602
7657
7712
7766
7820
7873
7927
7980
8033
8086
8137
8189
8241
8292
8341
8392
8441
8491
8541
8592
8643
8694
8746
8799
8850
8904
8959
9013
9066
9121
9174
9228
9282
9336
9392
9447
9502
9557
9611
9664
9717
9770
9822
9875
9927
9979
10031
10082
10134
10187
10242
10297
10352
10408
10464
10521
10578
10633
10688
10744
10800
10857
10915
10974
11034
11093
11153
11212
11269
11323
11377
11431
11486
11540
11594
11649
11701
11757
11812
11868
11922
11976
12030
12082
12134
12186
12239
12289
12341
12390
12443
12492
12542
12591
12640
12689
12736
12783
12831
12877
12922
12969
13015
13059
13105
13149
13195
13238
13281
13325
13369
13411
13455
13498
13539
13583
13624
13666
13709
13749
13791
13833
13875
13916
13956
13997
14039
14079
14119
14160
14200
14241
14280
14320
14361
14400
14440
14479
14519
14559
14598
14638
14677
14716
14755
14793
14833
14872
14911
14949
14988
15027
15065
15103
15143
15180
15218
15257
15294
15332
15370
15409
15446
15484
15522
15560
15597
15635
15671
15710
15749
15784
15823
15859
15897
15934
15972
16009
16045
16083
16120
16158
16195
16231
16268
16305
16341
16378
16415
16452
16490
16526
16563
16600
16637
16675
16711
16747
16784
16822
16858
16895
16931
16969
17006
17042
17079
17115
17152
17189
17227
17263
17300
17337
17374
17411
17448
17485
17521
17559
17595
17633
17670
17707
17743
17780
17819
17853
17891
17927
17964
18001
18038
18075
18112
18147
18184
18219
18257
18292
18329
18365
18401
18437
18474
18509
18546
18583
18619
18657
18692
18728
18765
18802
18839
18874
18910
18948
18985
19021
19057
19094
19132
19170
19207
19244
19281
19319
19356
19394
19432
19470
19509
19548
19586
19625
19664
19704
19743
19783
19822
19861
19900
19940
19979
20018
20057
20096
20135
20174
20213
20253
20292
20331
20369
20408
20448
20487
20525
20564
20603
20643
20681
20722
20762
20802
20842
20882
20922
20962
21003
21043
21083
21122
21162
21202
21242
21282
21322
21361
21401
21441
21481
21520
21561
21601
21641
21681
21722
21763
21805
21845
21886
21927
21968
22009
22050
22092
22133
22175
22217
22259
22301
22343
22384
22427
22468
22510
22552
22594
22635
22677
22718
22759
22801
22843
22885
22927
22970
23012
23055
23097
23139
23181
23222
23264
23305
23346
23388
23430
23471
23512
23554
23595
23637
23678
23719
23761
23803
23845
23886
23927
23969
24010
24051
24093
24134
24176
24218
24260
24302
24344
24386
24429
24470
24513
24554
24596
24638
24679
24720
24762
24803
24844
24884
24924
24966
25006
25046
25085
25127
25167
25205
25246
25285
25325
25365
25403
25442
25481
25520
25557
25597
25636
25675
25712
25750
25788
25825
25863
25902
25939
25977
26015
26052
26088
26126
26163
26199
26237
26274
26311
26348
26384
26421
26458
26494
26531
26567
26603
26641
26676
26713
26749
26786
26822
26858
26893
26930
26965
27001
27038
27073
27109
27145
27182
27217
27253
27289
27325
27359
27395
27430
27466
27501
27536
27572
27607
27642
27678
27714
27749
27784
27819
27855
27889
27924
27959
27994
28028
28064
28098
28133
28168
28203
28238
28273
28309
28343
28378
28413
28448
28482
28518
28553
28588
28623
28658
28693
28728
28763
28797
28831
28866
28899
28935
28969
29005
29039
29074
29107
29144
29179
29213
29249
29283
29319
29353
29389
29423
29458
29495
29529
29565
29599
29634
29669
29703
29739
29773
29808
29842
29877
29911
29946
29979
30016
30049
30085
30119
30154
30189
30223
30259
30292
30325
30361
30395
30430
30465
30500
30535
30570
30605
30639
30675
30709
30745
30780
30815
30849
30885
30920
30955
30991
31026
31061
31097
31133
31167
31203
31238
31274
31310
31345
31382
31417
31454
31490
31527
31563
31599
31635
31672
31709
31745
31782
31818
31855
31892
31929
31967
32004
32041
32078
32116
32153
32190
32228
32265
32302
32339
32377
32414
32452
32490
32527
32565
32602
32640
32677
32715
32753
32790
32827
32865
32903
32940
32978
33015
33052
33089
33127
33165
33203
33241
33278
33316
33354
33391
33429
33467
33505
33542
33580
33618
33656
33694
33732
33771
33810
33849
33887
33926
33965
34004
34043
34082
34120
34159
34196
34235
34273
34311
34349
34388
34428
34468
34509
34551
34594
34636
34679
34721
34764
34807
34849
34892
34935
34977
35019
35061
35103
35144
35186
35228
35270
35312
35354
35396
35439
35481
35523
35565
35608
35650
35692
35734
35777
