11
68
122
176
228
279
330
381
432
483
533
584
635
686
737
789
840
892
943
995
1047
1098
1150
1203
1255
1307
1360
1412
1464
1515
1566
1617
1668
1720
1772
1825
1879
1935
1995
2056
2118
2178
2237
2295
2353
2408
2464
2519
2575
2630
2684
2740
2796
2852
2907
2963
3018
3073
3128
3183
3237
3292
3346
3400
3453
3506
3560
3616
3675
3740
3802
3866
3929
3992
4052
4112
4169
4227
4284
4340
4395
4449
4504
4559
4614
4669
4727
4787
4847
4907
4967
5025
5081
5137
5192
5245
5298
5350
5402
5453
5505
5557
5610
5664
5718
5774
5829
5885
5940
5994
6048
6101
6153
6206
6257
6308
6359
6410
6461
6512
6563
6615
6667
6718
6770
6822
6875
6929
6981
7034
7087
7138
7189
7240
7290
7340
7391
7440
7489
7539
7588
7636
7684
7731
7779
7826
7873
7920
7967
8014
8061
8108
8154
8200
8246
8292
8337
8383
8428
8474
8520
8565
8611
8657
8702
8748
8794
8839
8885
8931
8976
9022
9068
9113
9159
9205
9251
9297
9343
9388
9434
9480
9526
9573
9619
9666
9713
9760
9806
9854
9900
9946
9992
10039
10084
10130
10175
10221
10265
10311
10355
10400
10445
10490
10534
10579
10624
10669
10714
10759
10804
10849
10894
10939
10984
11029
11074
11118
11163
11207
11253
11298
11343
11388
11434
11478
11523
11568
11613
11657
11703
11748
11794
11840
11885
11931
11976
12022
12066
12111
12156
12201
12245
12289
12333
12377
12421
12465
12509
12552
12597
12641
12684
12728
12772
12814
12857
12901
12943
12986
13029
13071
13114
13156
13198
13240
13282
13323
13365
13406
13448
13487
13528
13569
13608
13649
13689
13728
13768
13807
13847
13885
13924
13962
14001
14040
14077
14116
14154
14191
14229
14266
14305
14341
14379
14417
14454
14489
14528
14565
14601
14639
14675
14713
14749
14786
14822
14860
14897
14933
14970
15006
15044
15080
15117
15154
15190
15227
15263
15298
15335
15372
15408
15445
15481
15518
15553
15590
15626
15662
15698
15734
15768
15805
15838
15876
15912
15947
15984
16019
16055
16089
16126
16162
16197
16232
16267
16302
16338
16372
16408
16443
16478
16515
16549
16585
16619
16655
16690
16726
16761
16796
16831
16866
16901
16935
16968
17004
17040
17074
17109
17143
17179
17213
17249
17283
17318
17353
17388
17424
17459
17493
17528
17562
17597
17632
17667
17702
17736
17768
17805
17838
17874
17909
17944
17979
18013
18049
18082
18117
18151
18187
18220
18255
18290
18325
18359
18395
18428
18463
18498
18533
18568
18603
18637
18671
18706
18740
18775
18810
18843
18879
18914
18950
18984
19017
19054
19089
19123
19159
19194
19229
19264
19299
19335
19370
19404
19440
19475
19509
19546
19581
19616
19651
19686
19721
19756
19792
19827
19862
19898
19932
19968
20003
20038
20075
20110
20145
20180
20216
20252
20288
20323
20360
20395
20429
20466
20503
20538
20574
20610
20646
20682
20717
20753
20788
20825
20861
20897
20933
20970
21003
21041
21077
21113
21149
21183
21220
21256
21293
21329
21366
21402
21438
21475
21511
21548
21585
21622
21658
21695
21732
21769
21806
21843
21879
21916
21954
21991
22028
22064
22102
22140
22177
22214
22251
22290
22327
22364
22401
22439
22477
22515
22553
22589
22626
22664
22702
22740
22777
22814
22852
22890
22928
22965
23003
23041
23079
23116
23154
23191
23230
23268
23307
23343
23382
23420
23460
23499
23537
23575
23614
23654
23693
23732
23771
23809
23848
23887
23927
23966
24005
24043
24082
24122
24161
24200
24239
24278
24317
24354
24394
24433
24472
24512
24550
24590
24629
24668
24707
24746
24786
24823
24862
24901
24940
24977
25015
25055
25092
25130
25170
25207
25244
25282
25319
25357
25395
25431
25468
25505
25542
25580
25616
25653
25688
25724
25761
25798
25833
25870
25907
25942
25979
26015
26050
26086
26122
26157
26193
26228
26263
26299
26333
26370
26406
26441
26477
26512
26548
26583
26619
26654
26690
26725
26760
26794
26830
26865
26899
26933
26968
27002
27037
27072
27105
27139
27174
27208
27242
27276
27310
27345
27380
27415
27448
27483
27517
27553
27586
27621
27655
27690
27723
27758
27792
27826
27859
27894
27928
27963
27996
28031
28065
28099
28133
28168
28202
28235
28268
28304
28337
28371
28405
28439
28472
28507
28538
28574
28608
28641
28673
28708
28740
28775
28807
28843
28877
28909
28942
28976
29009
29042
29076
29109
29143
29176
29209
29243
29275
29309
29342
29377
29410
29444
29477
29512
29545
29579
29612
29646
29679
29713
29748
29781
29814
29848
29880
29915
29948
29982
30017
30051
30084
30118
30153
30186
30220
30253
30287
30321
30354
30389
30422
30456
30489
30522
30556
30589
30623
30657
30691
30724
30757
30792
30825
30860
30895
30928
30962
30995
31029
31064
31098
31130
31166
31201
31234
31268
31303
31337
31370
31404
31439
31474
31507
31541
31576
31610
31643
31678
31713
31747
31782
31817
31851
31885
31920
31955
31990
32024
32059
32094
32128
32165
32200
32234
32269
32303
32340
32375
32410
32445
32481
32515
32551
32585
32626
32661
32696
32729
32764
32799
32835
32871
32906
32942
32977
33013
33049
33085
33121
33157
33193
33229
33264
33302
33338
33375
33412
33449
33485
33521
33558
33595
33632
33668
33705
33741
33779
33817
33854
33892
33929
33967
34003
34040
34079
34118
34154
34194
34232
34271
34307
34347
34386
34425
34462
34503
34542
34581
34620
34661
34698
34740
34778
34817
34856
34894
34932
34970
35010
35049
35088
35127
35166
35204
35244
35283
35323
35362
35400
35442
35482
35523
35563
35603
35644
35685
35725
35765
35806
35846
