79
165
247
324
404
487
574
658
745
834
920
999
1076
1154
1235
1315
1395
1474
1553
1625
1695
1766
1838
1909
1976
2040
2102
2161
2220
2280
2345
2412
2482
2552
2622
2690
2759
2822
2887
2954
3025
3094
3169
3246
3325
3400
3474
3545
3613
3678
3743
3808
3875
3944
4016
4086
4158
4234
4314
4390
4466
4541
4613
4681
4747
4811
4873
4937
5002
5069
5142
5223
5302
5379
5459
5534
5605
5676
5747
5814
5879
5947
6018
6084
6154
6223
6290
6358
6426
6491
6554
6616
6675
6734
6792
6849
6905
6963
7020
7077
7134
7190
7247
7303
7359
7414
7470
7525
7580
7635
7690
7744
7798
7852
7906
7960
8014
8068
8122
8176
8230
8283
8336
8389
8442
8495
8546
8598
8650
8703
8756
8811
8866
8919
8972
9023
9075
9127
9178
9229
9281
9334
9387
9440
9493
9548
9601
9655
9709
9763
9816
9870
9922
9975
10027
10078
10130
10181
10232
10282
10333
10383
10433
10482
10532
10581
10630
10678
10727
10775
10823
10871
10919
10966
11013
11060
11107
11153
11200
11246
11293
11340
11387
11435
11483
11531
11580
11629
11678
11727
11776
11825
11874
11923
11972
12021
12070
12118
12166
12214
12262
12309
12356
12403
12450
12497
12543
12589
12636
12681
12727
12772
12817
12862
12906
12950
12994
13038
13081
13124
13167
13210
13252
13295
13336
13379
13420
13462
13503
13545
13585
13626
13667
13708
13748
13788
13828
13868
13908
13948
13987
14027
14066
14105
14144
14184
14222
14261
14300
14339
14377
14416
14454
14492
14531
14569
14607
14645
14683
14721
14759
14797
14834
14872
14909
14947
14985
15022
15060
15097
15134
15171
15209
15245
15282
15319
15356
15393
15430
15466
15503
15539
15575
15612
15648
15685
15721
15757
15793
15829
15866
15902
15938
15974
16010
16045
16081
16117
16153
16190
16225
16261
16297
16332
16368
16404
16439
16475
16511
16546
16581
16617
16652
16687
16722
16758
16793
16829
16864
16899
16935
16970
17005
17040
17075
17109
17144
17180
17215
17250
17285
17320
17355
17390
17425
17460
17496
17531
17566
17601
17636
17670
17705
17740
17775
17809
17844
17879
17914
17948
17983
18018
18053
18088
18122
18157
18192
18227
18261
18296
18331
18366
18401
18436
18471
18507
18542
18577
18612
18648
18683
18718
18754
18789
18824
18860
18895
18930
18966
19001
19037
19072
19108
19144
19179
19215
19251
19286
19322
19358
19394
19430
19466
19502
19539
19575
19612
19648
19685
19721
19758
19795
19831
19868
19904
19941
19978
20014
20051
20088
20124
20161
20198
20235
20272
20308
20345
20382
20419
20455
20492
20529
20566
20603
20639
20676
20713
20750
20786
20823
20860
20897
20934
20971
21008
21046
21083
21121
21158
21196
21234
21271
21309
21347
21384
21422
21460
21498
21536
21574
21612
21650
21688
21727
21765
21804
21842
21881
21919
21957
21996
22034
22072
22110
22149
22188
22226
22266
22305
22346
22386
22427
22468
22509
22550
22591
22632
22673
22715
22756
22797
22837
22878
22919
22959
22999
23038
23078
23118
23158
23199
23240
23282
23325
23367
23410
23452
23495
23539
23581
23624
23667
23710
23753
23797
23840
23883
23926
23969
24011
24053
24094
24136
24177
24218
24259
24301
24342
24383
24424
24466
24506
24547
24588
24628
24669
24710
24750
24789
24829
24869
24908
24947
24986
25025
25064
25102
25141
25179
25218
25257
25296
25334
25372
25411
25449
25488
25526
25564
25602
25640
25679
25717
25755
25793
25831
25869
25907
25945
25982
26020
26057
26095
26132
26170
26207
26244
26282
26319
26356
26393
26431
26468
26505
26542
26579
26616
26653
26690
26727
26764
26800
26837
26874
26911
26947
26984
27020
27057
27093
27129
27166
27202
27238
27274
27310
27346
27382
27419
27455
27491
27526
27562
27598
27633
27669
27705
27741
27777
27812
27848
27883
27918
27954
27990
28025
28061
28096
28132
28167
28203
28238
28274
28310
28346
28381
28417
28452
28488
28524
28560
28596
28633
28668
28705
28741
28778
28814
28851
28888
28926
28963
29000
29038
29075
29112
29150
29188
29224
29261
29299
29336
29374
29411
29448
29485
29521
29558
29594
29630
29666
29702
29738
29774
29810
29846
29882
29918
29954
29989
30025
30060
30096
30131
30166
30202
30237
30273
30308
30343
30379
30414
30449
30485
30520
30555
30590
30626
30661
30696
30731
30767
30802
30837
30872
30907
30942
30978
31014
31049
31084
31120
31155
31191
31226
31262
31297
31332
31368
31403
31439
31474
31510
31546
31582
31618
31654
31689
31725
31761
31797
31833
31869
31905
31942
31978
32015
32052
32089
32127
32164
32202
32240
32278
32316
32355
32393
32432
32471
32509
32548
32587
32626
32664
32703
32743
32781
32821
32860
32900
32940
32979
33019
33059
33099
33140
33180
33221
33262
33303
33344
33385
33427
33468
33510
33552
33594
33636
33678
33720
33762
33805
33847
33890
33933
33978
34025
34071
34117
34163
34208
34252
34296
34341
34385
34429
34472
34515
34558
34601
34645
34690
34735
34780
34827
34873
34921
34967
35013
35058
35103
35148
35193
35238
35282
35327
35373
35418
35463
35510
35556
35602
35648
35696
35744
35791
35837
35882
