55
122
188
252
318
383
445
508
571
632
700
775
850
923
995
1066
1144
1227
1316
1400
1473
1540
1606
1669
1735
1804
1877
1950
2019
2085
2153
2220
2286
2351
2417
2486
2555
2623
2694
2762
2828
2894
2958
3022
3086
3151
3222
3300
3389
3475
3552
3623
3690
3755
3819
3883
3949
4019
4098
4184
4263
4336
4417
4490
4559
4626
4690
4753
4814
4875
4935
4995
5057
5121
5186
5252
5322
5392
5459
5527
5594
5660
5723
5784
5844
5903
5961
6019
6080
6143
6205
6266
6326
6384
6441
6498
6555
6610
6665
6719
6774
6827
6880
6933
6986
7038
7090
7142
7193
7244
7295
7346
7397
7449
7500
7551
7602
7653
7703
7754
7804
7854
7904
7953
8004
8053
8104
8154
8203
8253
8303
8353
8402
8451
8501
8550
8599
8648
8698
8747
8797
8846
8896
8947
8996
9046
9096
9145
9194
9243
9291
9340
9389
9437
9487
9536
9585
9635
9684
9734
9783
9832
9881
9930
9978
10026
10075
10123
10172
10221
10270
10318
10367
10417
10467
10516
10567
10618
10670
10723
10777
10832
10886
10940
10995
11049
11102
11154
11206
11258
11309
11360
11411
11461
11511
11561
11611
11660
11709
11759
11808
11858
11907
11957
12006
12056
12105
12154
12202
12251
12299
12347
12395
12442
12490
12536
12583
12629
12675
12721
12766
12812
12857
12901
12946
12990
13034
13078
13121
13164
13208
13251
13293
13335
13379
13420
13462
13503
13544
13585
13627
13667
13707
13748
13788
13828
13868
13908
13947
13987
14026
14066
14105
14144
14183
14223
14261
14300
14339
14378
14417
14456
14494
14533
14572
14611
14649
14687
14727
14765
14803
14842
14881
14919
14958
14996
15035
15074
15112
15150
15189
15228
15266
15305
15344
15382
15420
15459
15497
15536
15574
15613
15650
15689
15728
15766
15805
15843
15882
15919
15958
15996
16034
16072
16110
16149
16187
16225
16263
16301
16338
16377
16416
16452
16490
16528
16566
16604
16642
16679
16717
16755
16792
16829
16867
16904
16941
16979
17015
17054
17091
17129
17165
17202
17239
17276
17313
17351
17388
17425
17462
17499
17536
17573
17610
17647
17684
17720
17757
17794
17830
17867
17904
17941
17978
18014
18051
18087
18124
18160
18197
18234
18271
18307
18343
18380
18416
18452
18489
18525
18561
18598
18635
18670
18707
18743
18779
18816
18852
18888
18925
18961
18997
19034
19070
19107
19143
19179
19216
19252
19289
19325
19362
19398
19435
19472
19508
19545
19581
19617
19655
19691
19728
19764
19801
19838
19875
19912
19948
19985
20022
20059
20096
20133
20170
20208
20245
20282
20319
20356
20394
20431
20468
20506
20543
20581
20618
20656
20693
20731
20769
20807
20844
20882
20920
20958
20997
21035
21073
21111
21150
21188
21227
21265
21304
21343
21382
21420
21459
21498
21537
21575
21614
21653
21691
21730
21769
21808
21846
21885
21924
21964
22004
22043
22083
22123
22163
22204
22244
22285
22326
22367
22407
22448
22489
22530
22570
22611
22651
22692
22732
22773
22814
22855
22896
22937
22978
23020
23062
23104
23146
23188
23231
23273
23316
23359
23401
23444
23487
23530
23573
23616
23659
23703
23747
23790
23833
23876
23920
23964
24007
24050
24094
24137
24180
24224
24267
24310
24353
24396
24439
24482
24525
24568
24610
24653
24696
24739
24781
24823
24865
24907
24949
24991
25032
25074
25115
25157
25198
25239
25280
25321
25362
25403
25443
25484
25524
25565
25606
25646
25686
25726
25766
25806
25846
25886
25925
25965
26004
26044
26083
26122
26161
26200
26239
26278
26317
26356
26394
26433
26472
26510
26549
26587
26625
26664
26702
26739
26777
26815
26853
26891
26929
26966
27004
27041
27079
27116
27153
27190
27227
27265
27301
27338
27376
27413
27449
27486
27523
27559
27595
27632
27669
27706
27742
27779
27814
27851
27887
27923
27960
27996
28032
28068
28105
28141
28177
28213
28250
28286
28320
28356
28393
28429
28465
28500
28536
28573
28609
28645
28681
28716
28753
28789
28824
28860
28896
28932
28968
29003
29039
29074
29110
29146
29182
29218
29254
29289
29325
29361
29397
29433
29469
29505
29540
29576
29611
29647
29683
29719
29755
29791
29826
29861
29897
29933
29968
30004
30040
30076
30111
30147
30183
30219
30255
30290
30326
30362
30397
30433
30469
30505
30540
30576
30612
30648
30684
30720
30755
30791
30827
30862
30898
30934
30970
31005
31041
31076
31113
31148
31184
31220
31255
31291
31327
31362
31398
31434
31470
31506
31542
31578
31614
31649
31685
31721
31757
31794
31830
31865
31902
31938
31974
32010
32046
32082
32118
32155
32191
32227
32263
32300
32336
32373
32409
32446
32482
32519
32555
32592
32629
32665
32702
32738
32775
32812
32848
32885
32922
32959
32995
33032
33069
33106
33142
33179
33216
33253
33290
33326
33363
33400
33437
33473
33510
33547
33584
33620
33658
33695
33731
33768
33805
33843
33881
33918
33956
33993
34031
34068
34106
34144
34182
34221
34259
34298
34336
34375
34414
34454
34493
34533
34574
34614
34654
34695
34737
34779
34822
34864
34906
34948
34991
35033
35076
35118
35161
35203
35244
35286
35328
35371
35413
35456
35499
35542
35587
35631
35675
35720
35764
35809
35854
35899
35945
35990
