55
118
179
239
300
361
422
482
542
608
674
738
804
869
933
995
1055
1116
1179
1242
1306
1372
1443
1514
1588
1660
1726
1788
1849
1911
1973
2034.5
2095
2157
2218
2281
2342
2402
2460
2517
2574
2632
2692
2752
2814
2883
2959
3030
3097
3163
3228
3290
3351
3413
3476
3540
3603
3664
3724
3785
3845
3904
3963
4021
4079
4137
4196
4255
4316
4374
4434
4496
4563
4629
4700
4773
4844
4918
4988
5058
5122
5185
5247
5307
5366
5424
5484
5545
5607
5668
5726
5786
5849
5911
5974
6039
6105
6169
6232
6293
6351
6408
6464
6520
6576
6631
6685
6739
6793
6846
6900
6953
7006
7057
7109
7160
7210
7261
7312
7362
7411
7461
7510
7560
7609
7657
7707
7755
7804
7853
7902
7950
7999
8048
8097
8146
8194
8242
8290
8338
8386
8433
8481
8529
8576
8623
8670
8717
8764
8810
8858
8904
8951
8997
9045
9092
9139
9187
9234
9282
9331
9379
9427
9477
9526
9575
9625
9674
9724
9774
9823
9873
9923
9973
10023
10073
10122
10172
10222
10271
10320
10369
10419
10468
10517
10566
10616
10665
10715
10765
10815
10865
10915
10965
11017
11069
11120
11172
11223
11273
11323
11372
11421
11471
11520
11569
11618
11667
11716
11766
11815
11864
11914
11963
12014
12064
12115
12166
12216
12266
12314
12363
12412
12460
12507
12555
12602
12648
12695
12741
12786
12832
12876
12921
12965
13009
13052
13096
13138
13181
13223
13266
13308
13349
13391
13432
13474
13514
13555
13595
13636
13676
13717
13757
13797
13836
13877
13917
13956
13996
14036
14075
14114
14154
14194
14233
14273
14311
14351
14390
14430
14470
14509
14548
14586
14626
14665
14704
14743
14782
14821
14859
14898
14937
14975
15013
15052
15091
15129
15167
15205
15244
15282
15320
15357
15396
15434
15472
15510
15548
15585
15623
15660
15698
15735
15772
15810
15848
15885
15923
15960
15997
16035
16072
16109
16146
16183
16219
16256
16294
16331
16368
16405
16442
16479
16517
16554
16591
16628
16665
16702
16739
16776
16813
16850
16886
16923
16960
16997
17034
17071
17108
17144
17182
17218
17255
17291
17328
17364
17401
17437
17473
17509
17546
17582
17618
17655
17691
17727
17763
17799
17835
17872
17908
17944
17979
18015
18051
18087
18123
18159
18194
18230
18266
18302
18337
18373
18408
18444
18480
18515
18551
18587
18623
18658
18694
18730
18766
18802
18838
18874
18910
18947
18983
19019
19056
19092
19129
19166
19202
19239
19276
19312
19349
19386
19423
19460
19496
19533
19570
19607
19644
19681
19719
19756
19793
19831
19868
19906
19943
19981
20019
20056
20094
20131
20169
20206
20243
20281
20319
20357
20394
20432
20470
20508
20547
20585
20623
20662
20701
20740
20779
20817
20857
20896
20935
20974
21013
21053
21092
21131
21171
21210
21249
21288
21327
21365
21404
21443
21482
21521
21560
21600
21639
21679
21719
21759
21799
21840
21881
21921
21962
22004
22045
22086
22127
22169
22210
22251
22292
22332
22373
22413
22454
22495
22536
22578
22620
22662
22705
22748
22792
22836
22880
22924
22970
23015
23060
23105
23150
23195
23240
23284
23328
23371
23415
23459
23502
23546
23589
23633
23677
23720
23764
23807
23851
23895
23939
23983
24027
24071
24114
24158
24202
24245
24288
24331
24374
24417
24459
24501
24544
24585
24627
24670
24711
24754
24795
24837
24879
24921
24963
25004
25045
25087
25128
25168
25209
25249
25290
25330
25369
25409
25449
25488
25528
25567
25606
25646
25685
25723
25762
25801
25840
25879
25917
25956
25994
26032
26070
26108
26147
26185
26223
26261
26299
26337
26374
26411
26450
26487
26524
26562
26599
26637
26674
26711
26748
26785
26822
26859
26895
26932
26970
27005
27041
27077
27114
27150
27186
27222
27259
27294
27330
27366
27402
27438
27473
27509
27545
27581
27616
27652
27687
27723
27758
27794
27830
27865
27901
27936
27971
28007
28042
28078
28113
28149
28184
28219
28254
28289
28324
28359
28394
28429
28464
28499
28533
28568
28602
28637
28671
28706
28740
28774
28808
28843
28877
28911
28945
28979
29013
29048
29081
29116
29149
29183
29217
29251
29286
29319
29353
29387
29422
29455
29490
29523
29557
29591
29625
29659
29693
29727
29761
29795
29829
29862
29897
29930
29964
29998
30032
30065
30099
30133
30166
30201
30234
30268
30302
30336
30369
30403
30437
30471
30505
30539
30573
30607
30641
30675
30709
30743
30777
30811
30845
30879
30913
30947
30982
31016
31050
31085
31119
31153
31188
31222
31257
31291
31326
31360
31395
31430
31464
31499
31534
31569
31604
31639
31674
31710
31745
31780
31815
31851
31886
31921
31957
31992
32028
32063
32099
32134
32169
32205
32240
32275
32311
32346
32381
32417
32452
32488
32524
32560
32596
32632
32669
32704
32740
32777
32813
32849
32884
32920
32956
32993
33029
33064
33101
33137
33173
33209
33245
33281
33317
33354
33391
33428
33465
33502
33539
33576
33614
33651
33688
33726
33764
33801
33839
33877
33916
33954
33993
34031
34070
34109
34148
34187
34225
34264
34304
34343
34382
34420
34459
34498
34537
34576
34615
34654
34693
34732
34771
34810
34849
34889
34928
34968
35008
35048
35089
35129
35170
35211
35252
35293
35334
35374
35415
35455
35496
35538
35579
35620
35662
35704
35747
35790
35832
35875
35917
35961
