82
178
293
405
511
617
722
822
922
1024
1120
1209
1299
1390
1481
1578
1676
1775
1878
1976
2070
2165
2260
2349
2437
2542
2641
2744
2843
2937
3021
3105
3191
3277
3371
3472
3580
3685
3784
3881
3987
4092
4191
4296
4410
4525
4636
4756
4868
4989
5116
5226
5344
5472
5584
5702
5829
5942
6047
6162
6264
6354
6438
6524
6604
6679
6752
6826
6897
6964
7031
7098
7163
7227
7294
7359
7425
7489
7551
7612
7674
7736
7805
7877
7946
8012
8081
8154
8226
8297
8364
8432
8502
8571
8638
8703
8769
8841
8922
8997
9066
9136
9207
9279
9347
9412
9478
9548
9620
9697
9782
9870
9950
10028
10105
10176
10243
10310
10377
10441
10504
10567
10633
10696
10762
10830
10906
10977
11045
11117
11190
11259
11325
11392
11457
11522
11588
11653
11718
11783
11848
11912
11975
12038
12100
12162
12225
12287
12348
12410
12472
12532
12592
12652
12711
12769
12825
12881
12936
12992
13048
13103
13159
13213
13269
13324
13378
13433
13487
13541
13595
13649
13703
13755
13809
13862
13915
13967
14020
14072
14124
14176
14228
14279
14330
14381
14432
14483
14534
14585
14636
14688
14739
14791
14843
14895
14946
14998
15050
15102
15153
15205
15257
15308
15359
15411
15462
15513
15563
15613
15663
15712
15761
15810
15860
15907
15956
16004
16052
16100
16148
16196
16244
16291
16339
16387
16435
16483
16530
16578
16626
16673
16721
16768
16815
16863
16909
16956
17003
17049
17097
17143
17189
17236
17283
17330
17377
17424
17471
17519
17566
17612
17659
17706
17754
17799
17845
17892
17938
17983
18029
18074
18120
18166
18211
18256
18302
18348
18393
18439
18484
18530
18576
18622
18668
18714
18760
18806
18852
18898
18945
18993
19040
19087
19135
19183
19231
19281
19331
19381
19431
19481
19533
19585
19636
19687
19738
19791
19843
19895
19947
19999
20052
20108
20163
20217
20270
20323
20376
20431
20486
20540
20594
20647
20701
20753
20807
20860
20916
20970
21025
21079
21135
21188
21240
21293
21345
21398
21450
21502
21554
21607
21660
21713
21765
21818
21870
21925
21979
22032
22085
22138
22192
22245
22299
22356
22413
22470
22527
22586
22648
22707
22764
22824
22884
22942
23000
23059
23120
23179
23238
23297
23356
23413
23469
23525
23583
23641
23699
23758
23820
23881
23941
24002
24062
24120
24177
24232
24286
24338
24393
24449
24509
24566
24622
24679
24736
24791
24847
24901
24956
25009
25063
25115
25168
25219
25271
25321
25372
25420
25470
25519
25569
25618
25666
25716
25766
25816
25865
25915
25964
26013
26063
26113
26163
26211
26260
26309
26358
26407
26454
26502
26551
26599
26648
26699
26746
26795
26844
26894
26943
26993
27045
27092
27140
27189
27238
27285
27333
27381
27428
27476
27523
27571
27619
27667
27714
27761
27809
27857
27903
27950
27997
28043
28089
28136
28181
28227
28273
28318
28363
28410
28456
28501
28548
28594
28639
28686
28732
28779
28824
28869
28915
28960
29005
29051
29096
29141
29187
29233
29278
29323
29369
29415
29459
29505
29550
29596
29641
29686
29731
29776
29821
29866
29909
29954
29999
30043
30089
30132
30177
30223
30267
30312
30356
30402
30447
30491
30535
30580
30626
30669
30713
30758
30803
30848
30893
30939
30984
31030
31077
31125
31172
31218
31265
31313
31361
31409
31459
31509
31558
31607
31656
31706
31756
31805
31855
31905
31956
32013
32072
32127
32181
32234
32288
32343
32398
32452
32505
32557
32610
32666
32723
32780
32835
32892
32951
33010
33066
33121
33175
33229
33282
33336
33389
33446
33505
33564
33622
33681
33741
33802
33861
33920
33984
34054
34119
34181
34244
34305
34365
34425
34491
34560
34627
34697
34787
34865
34940
35016
35095
35167
35238
35314
35387
35457
35524
35595
35670
35743
35826
35916
