40
138
240
344
445
542
642
742
836
935
1040
1139
1237
1339
1442
1535
1632
1737
1839
1932
2029
2125
2216
2311
2409
2506
2599
2695
2788
2883
2980
3077
3172
3267
3361
3455
3550
3648
3740
3832
3925
4014
4106
4201
4292
4384
4478
4572
4665
4752
4842
4932
5023
5109
5199
5288
5375
5460
5538
5618
5701
5783
5866
5951
6036
6121
6207
6290
6369
6449
6527
6602
6677
6752
6825
6898
6970
7040
7110
7180
7248
7316
7383
7449
7516
7582
7648
7713
7776
7838
7901
7965
8030
8094
8161
8230
8297
8366
8434
8501
8568
8636
8703
8769
8835
8902
8966
9032
9098
9165
9229
9292
9354
9420
9487
9557
9626
9697
9766
9837
9906
9977
10048
10116
10185
10253
10321
10388
10456
10521
10584
10648
10713
10780
10849
10919
10990
11062
11132
11201
11271
11341
11412
11484
11554
11622
11689
11756
11824
11890
11953
12016
12078
12141
12204
12267
12329
12392
12454
12516
12577
12637
12697
12755
12814
12872
12930
12987
13045
13102
13160
13218
13276
13333
13391
13447
13504
13561
13617
13673
13727
13782
13837
13892
13947
14001
14055
14110
14164
14219
14273
14327
14380
14434
14487
14541
14594
14647
14700
14753
14805
14859
14912
14965
15018
15071
15125
15178
15232
15286
15339
15391
15444
15496
15548
15600
15652
15703
15754
15805
15856
15906
15956
16006
16055
16105
16154
16203
16252
16302
16351
16400
16449
16497
16546
16595
16643
16692
16740
16788
16836
16883
16931
16978
17025
17073
17119
17166
17214
17260
17307
17354
17402
17450
17497
17545
17593
17641
17688
17736
17783
17830
17877
17924
17970
18017
18063
18110
18157
18203
18250
18297
18343
18389
18436
18482
18529
18576
18622
18668
18715
18761
18807
18854
18900
18946
18993
19040
19086
19133
19180
19227
19274
19322
19369
19418
19467
19515
19564
19613
19662
19711
19759
19808
19857
19906
19955
20005
20056
20107
20158
20208
20258
20307
20357
20406
20456
20506
20556
20608
20659
20710
20762
20815
20868
20921
20974
21027
21080
21132
21185
21238
21292
21345
21400
21455
21510
21566
21622
21676
21731
21786
21840
21894
21948
22003
22059
22117
22174
22231
22288
22345
22402
22459
22516
22573
22629
22687
22745
22803
22861
22919
22975
23030
23085
23140
23196
23251
23308
23364
23421
23481
23547
23611
23672
23729
23785
23842
23898
23955
24013
24073
24134
24198
24263
24325
24388
24450
24512
24572
24630
24689
24746
24803
24860
24916
24971
25026
25081
25135
25189
25243
25296
25349
25402
25455
25508
25561
25614
25667
25720
25772
25825
25877
25930
25981
26032
26083
26135
26186
26237
26288
26340
26392
26443
26495
26546
26598
26649
26700
26751
26802
26853
26903
26954
27005
27056
27106
27157
27208
27260
27311
27362
27413
27463
27513
27564
27614
27664
27714
27763
27811
27860
27908
27955
28002
28049
28096
28143
28190
28237
28284
28331
28377
28423
28470
28517
28563
28609
28655
28701
28747
28793
28839
28886
28932
28978
29024
29071
29117
29164
29210
29257
29303
29350
29396
29442
29489
29535
29581
29627
29673
29720
29766
29812
29858
29904
29950
29996
30042
30087
30133
30178
30224
30270
30315
30361
30407
30454
30500
30546
30593
30640
30687
30734
30781
30828
30876
30922
30970
31017
31064
31111
31159
31206
31253
31301
31348
31396
31444
31493
31542
31591
31641
31690
31740
31789
31840
31890
31941
31991
32042
32093
32144
32196
32248
32302
32356
32409
32463
32517
32572
32627
32681
32735
32789
32844
32899
32953
33007
33061
33117
33173
33230
33286
33341
33397
33453
33509
33564
33619
33674
33732
33789
33845
33902
33963
34025
34084
34141
34198
34255
34310
34367
34428
34492
34555
34617
34680
34744
34809
34872
34939
35008
35075
35144
35219
35295
35364
35434
35504
35569
35635
35702
35771
35840
35916
35992
