31
79
129
178
228
279
332
384
438
491
544
597
648
699
750
801
853
905
956
1007
1058
1108
1159
1210
1261
1311
1361
1411
1460
1510
1559
1608
1657
1706
1754
1803
1853
1903
1954
2004
2053
2102
2152
2201
2250
2299
2347
2395
2443
2490
2538
2586
2634
2683
2734
2785
2836
2887
2939
2992
3044
3096
3147
3196
3244
3292
3339
3386
3432
3480
3529
3580
3633
3691
3752
3811
3868
3922
3975
4028
4081
4131
4182
4231
4280
4329
4376
4423
4469
4514
4559
4604
4652
4707
4774
4838
4900
4959
5014
5071
5127
5180
5231
5281
5329
5378
5426
5473
5519
5565
5611
5656
5701
5745
5789
5834
5878
5923
5969
6018
6070
6129
6183
6239
6290
6340
6390
6442
6495
6548
6599
6650
6701
6750
6799
6847
6895
6942
6990
7037
7085
7134
7182
7231
7279
7327
7375
7423
7470
7517
7563
7609
7654
7700
7745
7790
7834
7879
7924
7968
8012
8056
8100
8143.6
8189
8233.4
8277
8321
8365
8409
8454
8499
8544
8589
8634
8679
8724
8769
8813
8858
8902
8948
8992
9038
9083
9129
9174
9219
9264
9309
9354
9399
9444
9488
9532
9577
9621
9665
9709
9753
9797
9840
9883
9927
9970
10013
10055
10099
10142
10185
10228
10272
10315
10360
10404
10449
10494
10539
10585
10631
10677
10724
10770
10817
10863
10910
10956
11002
11048
11094
11140
11185
11231
11275
11320
11364
11408
11452
11494
11538
11581
11624
11667
11711
11754
11797
11841
11885
11928
11971
12014
12057
12100
12142
12184
12225
12268
12309
12351
12393
12436
12476
12517
12559
12601
12643
12685
12726
12769
12810
12851
12894
12935
12977
13018
13058
13100
13140
13181
13221
13263
13302
13342
13382
13422
13462
13501
13540
13579
13618
13656
13695
13734
13772
13810
13849
13886
13923
13961
13998
14036
14076
14110
14147
14184
14221
14259
14294
14332
14367
14405
14439
14476
14511
14551
14584
14621
14657
14694
14728
14765
14802
14837
14872
14908
14944
14980
15016
15051
15086
15122
15157
15193
15230
15264
15301
15334
15370
15405
15441
15475
15514
15546
15583
15617
15651
15687
15722
15758
15793
15828
15863
15898
15933
15968
16003
16040
16073
16108
16143
16177
16213
16251
16282
16317
16352
16387
16422
16457
16492
16528
16562
16596
16631
16666
16701
16735
16771
16805
16840
16874
16909
16946
16979
17013
17050
17084
17117
17153
17187
17223
17256
17292
17326
17361
17395
17433
17464
17501
17534
17568
17603
17637
17672
17706
17741
17776
17811
17845
17879
17914
17949
17983
18017
18052
18086
18121
18155
18189
18224
18258
18295
18327
18362
18396
18432
18465
18499
18534
18568
18603
18639
18673
18706
18742
18775
18810
18844
18880
18914
18950
18983
19020
19055
19087
19122
19157
19191
19227
19261
19296
19331
19366
19400
19435
19471
19507
19540
19574
19610
19645
19681
19714
19749
19785
19819
19854
19889
19927
19961
19995
20029
20064
20100
20136
20171
20204
20240
20277
20311
20346
20381
20415
20450
20485
20520
20558
20591
20624
20659
20695
20730
20766
20799
20836
20871
20905
20942
20975
21012
21045
21080
21115
21150
21187
21221
21255
21290
21326
21361
21398
21431
21465
21501
21539
21571
21606
21641
21676
21714
21748
21784
21817
21855
21891
21922
21958
21995
22028
22064
22099
22135
22172
22205
22241
22278
22312
22347
22384
22421
22454
22491
22525
22560
22597
22634
22669
22703
22739
22774
22812
22846
22881
22917
22954
22988
23025
23062
23095
23131
23167
23204
23238
23276
23311
23346
23382
23418
23454
23492
23528
23562
23598
23635
23670
23706
23741
23780
23814
23850
23886
23924
23960
23994
24033
24068
24103
24139
24177
24214
24251
24285
24321
24359
24394
24433
24467
24505
24540
24576
24614
24650
24686
24724
24763
24798
24834
24872
24908
24945
24982
25019
25055
25091
25129
25168
25203
25239
25276
25314
25349
25387
25422
25458
25495
25531
25567
25604
25640
25676
25712
25748
25786
25820
25856
25892
25928
25965
25999
26036
26070
26108
26141
26175
26211
26248
26281
26319
26351
26388
26423
26456
26492
26527
26562
26597
26635
26667
26703
26737
26772
26808
26841
26876
26911
26945
26980
27016
27051
27085
27120
27154
27190
27224
27257
27294
27327
27362
27396
27431
27465
27502
27535
27569
27605
27639
27673
27708
27741
27775
27810
27845
27878
27913
27950
27982
28015
28050
28083
28117
28153
28185
28219
28255
28287
28323
28355
28391
28423
28459
28491
28527
28559
28594
28629
28662
28694
28728
28763
28798
28832
28866
28900
28934
28968
29002
29034
29070
29101
29136
29171
29204
29238
29272
29306
29340
29372
29408
29443
29476
29509
29543
29577
29611
29645
29679
29713
29747
29781
29815
29849
29883
29918
29950
29985
30018
30053
30086
30120
30156
30189
30223
30257
30289
30326
30358
30394
30427
30461
30496
30530
30565
30598
30634
30668
30702
30736
30771
30805
30837
30873
30905
30939
30975
31008
31044
31080
31110
31145
31180
31213
31247
31284
31316
31351
31385
31420
31458
31489
31527
31558
31592
31630
31663
31698
31731
31766
31801
31837
31870
31905
31941
31976
32011
32044
32081
32114
32149
32186
32218
32253
32288
32323
32358
32394
32428
32464
32499
32532
32567
32601
32637
32674
32709
32742
32777
32813
32848
32883
32916
32953
32988
33023
33058
33091
33126
33163
33200
33231
33269
33304
33338
33376
33409
33442
33478
33514
33550
33583
33620
33656
33693
33724
33760
33798
33832
33868
33904
33938
33975
34013
34045
34081
34118
34156
34190
34226
34264
34299
34333
34373
34407
34442
34478
34517
34556
34590
34625
34663
34701
34738
34776
34811
34851
34885
34921
34958
34996
35035
35069
35107
35146
35185
35220
35259
35299
35335
35374
35412
35450
35489
35529
35569
35605
35646
35682
35722
35758
35796
35836
35876
35914
35950
