53
102
150
199
248
296
344
392
439
486
534
581
628
675
721
768
814
862
909
957
1006
1056
1105
1153
1202
1250
1298
1347
1395
1443
1490
1537
1584
1631
1679
1728
1777
1826
1876
1925
1975
2024
2074
2124
2174
2223
2272
2322
2372
2423
2473
2523
2573
2623
2672
2722
2770
2818
2866
2913
2959
3005
3051
3097
3143
3189
3235
3281
3326
3372
3417
3464
3509
3555
3601
3649
3697
3747
3797
3848
3898
3949
3998
4046
4094
4142
4189
4236
4283
4329
4375
4421
4468
4514
4561
4608
4655
4704
4753
4803
4857
4911
4966
5019
5071
5122
5172
5222
5272
5320
5369
5418
5466
5514
5562
5609
5657
5706
5755
5803
5852
5900
5948
5996
6044
6093
6141
6190
6239
6287
6335
6382
6429
6475
6521
6567
6612
6658
6703
6748
6792
6837
6883
6928
6973
7018
7063
7107
7151
7194
7238
7282
7325
7369
7412
7455
7497
7539
7581
7623
7665
7707
7748
7789
7830
7870
7911
7952
7992
8032
8072
8112
8152
8191
8231
8270
8310
8350
8390
8430
8470
8509
8550
8590
8630
8670
8710
8750
8790
8830
8870
8911
8951
8992
9032
9073
9113
9154
9195
9235
9276
9317
9357
9398
9438
9479
9519
9559
9599
9639
9679
9719
9758
9798
9837
9877
9916
9956
9995
10034
10074
10113
10152
10191
10231
10271
10311
10351
10390
10430
10470
10510
10550
10590
10630
10669
10709
10749
10789
10829
10869
10909
10948
10988
11028
11067
11107
11147
11186
11226
11265
11305
11344
11384
11423
11463
11502
11541
11581
11620
11659
11698
11738
11776
11815
11854
11893
11932
11971
12010
12050
12089
12127
12166
12205
12244
12282
12321
12359
12398
12436
12474
12513
12551
12589
12627
12665
12703
12740
12778
12816
12853
12891
12928
12965
13003
13040
13077
13114
13151
13187
13224
13261
13297
13334
13370
13407
13443
13480
13516
13552
13588
13624
13661
13697
13733
13770
13806
13842
13878
13914
13950
13986
14022
14058
14093
14129
14165
14200
14236
14271
14306
14342
14377
14412
14447
14483
14518
14553
14588
14623
14658
14693
14728
14763
14797
14831
14866
14901
14936
14970
15005
15039
15074
15108
15143
15178
15212
15246
15281
15315
15349
15383
15418
15452
15486
15520
15555
15589
15623
15657
15691
15725
15759
15793
15826
15861
15895
15929
15963
15997
16030
16065
16099
16132
16166
16200
16234
16267
16301
16335
16369
16402
16436
16469
16503
16536
16570
16604
16637
16670
16704
16738
16771
16804
16838
16871
16905
16938
16971
17005
17038
17071
17105
17138
17171
17204
17238
17271
17304
17337
17371
17404
17437
17470
17503
17536
17569
17602
17635
17668
17701
17735
17767
17800
17833
17866
17899
17932
17965
17999
18032
18065
18098
18130
18163
18197
18230
18262
18295
18328
18361
18394
18427
18460
18493
18526
18559
18592
18625
18657
18690
18723
18756
18789
18821
18854
18887
18920
18953
18986
19018
19051
19084
19117
19150
19183
19216
19249
19282
19315
19348
19382
19414
19447
19481
19514
19547
19580
19613
19646
19679
19712
19745
19779
19812
19845
19879
19912
19945
19979
20012
20046
20079
20112
20146
20180
20213
20247
20281
20314
20348
20382
20416
20450
20484
20517
20551
20586
20619
20653
20687
20721
20755
20789
20822
20856
20890
20924
20958
20992
21025
21059
21093
21127
21160
21194
21228
21262
21296
21329
21363
21397
21430
21464
21497
21531
21564
21598
21632
21665
21699
21732
21766
21800
21833
21867
21900
21934
21967
22001
22035
22069
22102
22136
22170
22204
22238
22272
22306
22340
22374
22409
22443
22477
22511
22545
22579
22613
22647
22681
22716
22750
22784
22818
22852
22887
22921
22955
22989
23024
23058
23093
23127
23162
23197
23231
23266
23301
23335
23370
23404
23439
23473
23508
23542
23576
23610
23644
23679
23713
23747
23782
23816
23850
23884
23919
23953
23987
24021
24056
24090
24124
24158
24193
24226
24260
24295
24329
24363
24397
24430
24464
24498
24532
24566
24599
24633
24667
24700
24734
24768
24801
24835
24869
24902
24936
24970
25003
25037
25071
25104
25137
25171
25204
25238
25271
25305
25338
25371
25405
25437
25471
25504
25537
25570
25604
25636
25669
25702
25735
25768
25801
25834
25867
25899
25932
25965
25997
26030
26063
26095
26128
26161
26193
26226
26258
26290
26323
26356
26388
26421
26453
26485
26518
26550
26582
26615
26647
26679
26712
26744
26776
26808
26840
26873
26905
26937
26970
27002
27034
27067
27099
27131
27163
27196
27228
27260
27292
27325
27357
27389
27421
27454
27486
27518
27550
27582
27614
27646
27678
27711
27743
27775
27807
27839
27871
27903
27936
27968
28000
28032
28064
28096
28128
28160
28193
28225
28256
28289
28321
28353
28385
28417
28449
28481
28513
28545
28577
28608
28640
28672
28704
28736
28768
28799
28831
28863
28894
28926
28958
28989
29021
29052
29084
29115
29147
29178
29210
29242
29274
29305
29337
29368
29400
29431
29463
29495
29526
29558
29589
29621
29652
29684
29716
29747
29778
29810
29842
29873
29905
29936
29968
29999
30031
30062
30094
30125
30157
30188
30220
30251
30283
30314
30346
30378
30409
30440
30472
30504
30535
30566
30598
30630
30661
30693
30724
30756
30787
30819
30850
30882
30914
30945
30977
31009
31040
31072
31104
31136
31168
31199
31231
31263
31295
31327
31359
31391
31423
31455
31487
31519
31551
31583
31615
31647
31679
31712
31744
31776
31808
31841
31873
31905
31937
31970
32002
32035
32067
32099
32132
32165
32198
32231
32263
32296
32329
32363
32396
32429
32462
32495
32529
32562
32596
32629
32663
32696
32730
32764
32797
32831
32865
32899
32932
32966
33000
33034
33068
33101
33135
33169
33202
33236
33270
33303
33337
33371
33404
33438
33472
33505
33539
33573
33607
33640
33674
33708
33742
33776
33810
33844
33877
33911
33945
33979
34014
34048
34081
34115
34149
34184
34218
34252
34286
34320
34355
34390
34424
34459
34493
34528
34563
34598
34633
34668
34703
34738
34773
34808
34844
34879
34914
34949
34985
35020
35056
35092
35128
35163
35199
35235
35271
35306
35342
35378
35413
35449
35484
35520
35555
35591
35627
35662
35698
35735
35771
35807
35843
35879
35915
35952
35988
36024
