41
118
194
268
336
399
458
517
574
629
683
737
790
842
895
949
1004
1060
1117
1176
1239
1300
1358
1415
1470
1526
1580
1633
1686
1738
1790
1843
1896
1952
2011
2069
2126
2183
2238
2291
2344
2396
2448
2500
2551
2602
2653
2705
2757
2809
2860
2913
2966
3020
3072
3125
3178
3229
3281
3332
3383
3433
3484
3535
3585
3637
3689
3741
3793
3844
3896
3947
3998
4048
4098
4148
4199
4251
4304
4361
4426
4499
4569
4633
4696
4756
4812
4867
4920
4972
5024
5075
5126
5177
5229
5280
5331
5381
5431
5482
5534
5591
5650
5717
5789
5859
5926
5990
6051
6112
6171
6228
6283
6337
6391
6443
6496
6547
6599
6651
6703
6756
6811
6865
6919
6974
7029
7083
7136
7189
7241
7292
7344
7395
7446
7497
7548
7598
7648
7698
7747
7795
7842
7890
7938
7986
8034
8083
8133
8183
8234
8286
8338
8389
8441
8494
8545
8596
8646
8696
8746
8795
8845
8894
8942
8990
9038
9085
9132
9180
9227
9274
9323
9371
9420
9469
9517
9566
9616
9667
9720
9775
9829
9883
9935
9988
10039
10090
10140
10191
10241
10291
10341
10391
10441
10491
10543
10597
10654
10715
10774
10834
10891
10945
10998
11051
11102
11154
11205
11256
11308
11359
11411
11464
11516
11567
11618
11670
11720
11770
11821
11870
11920
11969
12018
12067
12116
12165
12215
12265
12314
12363
12414
12466
12519
12573
12627
12680
12733
12784
12836
12886
12935
12985
13033
13081
13128
13175
13221
13267
13313
13357
13403
13448
13492
13537
13582
13627
13671
13715
13760
13804
13848
13893
13937
13981
14025
14069
14113
14157
14201
14244
14287
14330
14373
14415
14458
14500
14543
14585
14627
14669
14711
14753
14795
14837
14878
14920
14962
15004
15045
15086
15128
15169
15210
15251
15292
15332
15373
15414
15455
15496
15537
15577
15618
15658
15699
15740
15780
15820
15860
15900
15940
15980
16021
16060
16100
16139
16178
16217
16256
16294
16333
16372
16410
16449
16487
16525
16564
16602
16640
16679
16717
16756
16795
16833
16872
16911
16949
16988
17027
17066
17104
17143
17181
17219
17257
17295
17333
17371
17410
17447
17485
17523
17560
17598
17636
17674
17712
17750
17788
17826
17865
17903
17941
17979
18017
18055
18093
18131
18170
18208
18245
18283
18322
18359
18397
18435
18473
18511
18548
18586
18624
18662
18700
18738
18776
18815
18853
18892
18930
18968
19007
19045
19084
19122
19160
19199
19237
19276
19314
19352
19391
19429
19468
19507
19546
19586
19626
19666
19706
19746
19786
19827
19867
19907
19947
19987
20027
20067
20107
20147
20187
20227
20268
20309
20350
20392
20435
20479
20523
20567
20611
20655
20699
20742
20785
20828
20870
20913
20955
20996
21038
21080
21124
21170
21215
21261
21308
21356
21406
21453
21501
21548
21595
21641
21686
21730
21775
21818
21862
21907
21953
21999
22047
22096
22147
22202
22254
22306
22357
22408
22458
22507
22555
22602
22649
22696
22741
22788
22834
22881
22928
22975
23023
23071
23120
23168
23217
23267
23315
23363
23410
23456
23502
23548
23593
23639
23684
23731
23781
23833
23887
23943
23999
24052
24103
24153
24203
24251
24299
24347
24395
24443
24490
24537
24584
24630
24676
24721
24765
24810
24854
24897
24941
24984
25028
25071
25114
25158
25201
25244
25287
25330
25374
25417
25460
25502
25545
25588
25631
25672
25714
25756
25798
25840
25881
25922
25963
26005
26046
26087
26127
26167
26207
26247
26287
26327
26367
26407
26446
26486
26526
26566
26606
26646
26686
26726
26767
26807
26848
26888
26929
26969
27010
27050
27090
27131
27171
27211
27251
27290
27330
27370
27409
27449
27488
27527
27565
27604
27643
27681
27719
27757
27795
27833
27871
27908
27946
27984
28021
28059
28097
28135
28172
28209
28247
28284
28322
28359
28396
28433
28469
28506
28544
28581
28618
28655
28692
28729
28766
28803
28840
28877
28913
28951
28987
29024
29062
29098
29135
29172
29208
29245
29281
29317
29354
29390
29426
29463
29499
29535
29572
29608
29644
29681
29717
29753
29790
29827
29863
29900
29937
29973
30010
30046
30083
30119
30155
30192
30228
30265
30301
30337
30373
30409
30444
30481
30517
30553
30588
30625
30661
30698
30734
30771
30808
30845
30881
30918
30955
30993
31030
31067
31103
31141
31177
31214
31251
31288
31325
31362
31399
31436
31473
31510
31548
31585
31623
31661
31699
31737
31775
31813
31851
31889
31927
31965
32003
32041
32079
32117
32155
32193
32231
32270
32308
32346
32385
32423
32462
32500
32539
32578
32616
32655
32694
32732
32771
32809
32848
32886
32925
32963
33001
33040
33080
33121
33162
33203
33245
33287
33328
33370
33412
33453
33494
33535
33575
33616
33656
33697
33737
33778
33818
33860
33902
33944
33987
34031
34075
34119
34164
34208
34253
34299
34344
34390
34434
34478
34522
34565
34607
34649
34692
34735
34779
34825
34874
34927
34981
35032
35089
35143
35194
35245
35294
35343
35391
35438
35484
35530
35578
35625
35674
35729
35794
35858
35922
35985
