56
149
240
330
419
508
596
682
767
854
944
1034
1124
1216
1307
1395
1482
1571
1659
1741
1829
1918
2004
2091
2180
2267
2351
2434
2521
2607
2691
2778
2870
2961
3047
3132
3219
3307
3392
3477
3564
3652
3738
3827
3918
4008
4095
4178
4254
4331
4404
4477
4554
4633
4715
4793
4867
4943
5022
5100
5175
5251
5326
5400
5474
5552
5633
5722
5811
5903
5996
6087
6176
6260
6342
6420
6496
6569
6638
6705
6771
6837
6903
6971
7037
7106
7175
7242
7309
7377
7444
7511
7578
7644
7711
7778
7843
7909
7974
8039
8103
8167
8230
8294
8358
8421
8483
8545
8607
8669
8730
8793
8856
8918
8981
9044
9106
9167
9228
9290
9352
9413
9475
9537
9598
9660
9722
9786
9849
9912
9975
10038
10101
10162
10222
10282
10341
10400
10459
10520
10581
10642
10703
10766
10828
10891
10956
11020
11085
11150
11215
11278
11339
11399
11459
11520
11582
11647
11713
11780
11849
11918
11985
12053
12119
12183
12247
12309
12371
12433
12494
12557
12618
12679
12740
12801
12861
12921
12980
13038
13096
13152
13209
13265
13320
13376
13430
13485
13539
13593
13647
13700
13754
13807
13860
13913
13966
14018
14070
14122
14174
14226
14277
14328
14379
14430
14481
14532
14583
14634
14684
14734
14785
14836
14887
14937
14987
15038
15088
15138
15189
15239
15290
15340
15389
15439
15489
15538
15587
15636
15685
15734
15782
15831
15880
15928
15977
16025
16073
16122
16170
16218
16266
16314
16362
16410
16457
16504
16551
16598
16645
16692
16739
16786
16832
16878
16925
16971
17016
17063
17109
17154
17200
17245
17291
17336
17381
17426
17471
17516
17561
17606
17650
17695
17740
17784
17829
17873
17918
17963
18007
18052
18097
18141
18186
18231
18275
18320
18365
18410
18455
18499
18544
18589
18633
18677
18722
18767
18811
18855
18900
18944
18989
19033
19077
19121
19165
19210
19254
19297
19341
19385
19430
19474
19518
19562
19607
19652
19697
19743
19789
19835
19882
19928
19974
20020
20067
20113
20159
20205
20251
20298
20345
20391
20438
20485
20532
20580
20629
20677
20726
20776
20827
20877
20928
20978
21029
21080
21131
21182
21232
21283
21334
21385
21437
21490
21543
21595
21648
21701
21753
21805
21857
21910
21963
22016
22069
22123
22177
22232
22287
22343
22399
22456
22512
22569
22626
22682
22738
22795
22851
22907
22964
23021
23078
23135
23193
23250
23306
23364
23421
23480
23537
23595
23654
23712
23769
23823
23877
23932
23987
24043
24102
24162
24223
24286
24349
24412
24475
24536
24596
24655
24713
24770
24827
24883
24938
24993
25048
25102
25156
25210
25263
25317
25370
25423
25476
25529
25583
25636
25689
25741
25794
25845
25896
25947
25997
26047
26097
26147
26198
26249
26300
26351
26401
26452
26503
26553
26603
26654
26705
26756
26806
26856
26907
26957
27006
27056
27106
27155
27204
27253
27302
27350
27399
27448
27497
27546
27594
27643
27691
27739
27788
27836
27884
27932
27981
28028
28076
28123
28171
28217
28264
28312
28358
28405
28452
28499
28545
28592
28638
28685
28731
28778
28824
28870
28917
28963
29009
29055
29101
29147
29193
29238
29284
29329
29375
29421
29467
29512
29557
29602
29647
29691
29736
29780
29825
29869
29913
29958
30002
30046
30090
30135
30179
30222
30267
30311
30355
30399
30444
30488
30533
30577
30622
30666
30711
30755
30800
30844
30889
30934
30978
31023
31068
31113
31158
31203
31249
31294
31340
31386
31432
31478
31524
31571
31618
31665
31713
31760
31807
31855
31902
31950
31997
32045
32094
32142
32191
32240
32290
32340
32390
32440
32490
32540
32590
32640
32689
32739
32788
32838
32888
32938
32988
33038
33088
33139
33189
33238
33287
33336
33385
33434
33483
33533
33583
33633
33684
33734
33786
33839
33892
33944
33998
34053
34107
34162
34218
34276
34333
34390
34448
34505
34561
34615
34668
34721
34777
34836
34894
34953
35015
35076
35137
35199
35264
35328
35391
35455
35522
35588
35652
35718
35786
35853
35918
